KEY,"ChineseTraditional"
DAILYMISSION_LOGIN_NAME,"拜訪英雄"
DAILYMISSION_LOGIN_DESC,"{1}天連線{1}次"
DAILYMISSION_DUNGEON_CLEAR_NAME,"持續不斷的冒險"
DAILYMISSION_DUNGEON_CLEAR_DESC,"通過副本{1}次"
DAILYMISSION_ITEM_GET_NAME,"寶物獵人"
DAILYMISSION_ITEM_GET_DESC,"在副本獲得裝備或道具{1}次"
DAILYMISSION_MONSTER_KILL_NAME,"擊退魔王軍吧！"
DAILYMISSION_MONSTER_KILL_DESC,"消滅怪物{1}隻"
DAILYMISSION_EXPEDITION_NAME,"前往遠征吧！"
DAILYMISSION_EXPEDITION_DESC,"嘗試探索或掠奪{1}次"
DAILYMISSION_ITEM_CRAFT_NAME,"聽說你的手藝很不錯"
DAILYMISSION_ITEM_CRAFT_DESC,"製作道具{1}次"
DAILYMISSION_ITEM_ENHANCE_NAME,"拼命攻擊吧！"
DAILYMISSION_ITEM_ENHANCE_DESC,"強化裝備{1}次"
DAILYMISSION_TRIAL_CLEAR_NAME,"靈魂沉睡之處"
DAILYMISSION_TRIAL_CLEAR_DESC,"通過試煉之房{1}次"
DAILYMISSION_GOLD_GET_NAME,"積少成多"
DAILYMISSION_GOLD_GET_DESC,"在副本中獲得{1}金幣"
DAILYMISSION_PVP_NAME,"挑戰最強寶座！"
DAILYMISSION_PVP_DESC,"參加勝者之巔{1}次"
DAILYMISSION_GACHA_NAME,"開啟撲通撲通箱"
DAILYMISSION_GACHA_DESC,"開啟寶箱{1}次"
DAILYMISSION_ITEM_BUY_NAME,"補給也很重要"
DAILYMISSION_ITEM_BUY_DESC,"在商店中購買道具{1}次"
DAILYMISSION_TOWER_JOIN_NAME,"邁向更高的一層"
DAILYMISSION_TOWER_JOIN_DESC,"進行挑戰之塔{1}次"
DAILYMISSION_UNDERGROUND_CLEAR_NAME,"永無寧日的地下監牢"
DAILYMISSION_UNDERGROUND_CLEAR_DESC,"通過地下監牢{1}次"
MISSION_HERO_LEVEL20_NAME,"新手冒險家{1}"
MISSION_HERO_LEVEL50_NAME,"變強的{1}"
MISSION_HERO_LEVEL100_NAME,"{1}，達到最高境界"
MISSION_HERO_LEVEL_DESC,"達成{1}{2}級"
MISSION_HERO_STAR_NAME,"覺醒的{1}{2}"
MISSION_HERO_STAR_DESC,"達成{1}覺醒{2}階段！"
MISSION_HERO_GRADE_NAME,"突破極限的{1}{2}"
MISSION_HERO_GRADE_DESC,"{1}升級，達成{2}級別！"
MISSION_HERO_SKILL_MASTER_NAME,"技能大師{1}{2}"
MISSION_HERO_SKILL_MASTER_DESC,"{1}技能等級最初達成{2}！"
MISSION_HERO_SKILLMASTER_DESC,"{1}所有技能大師！"
MISSION_EQUIP_GET_NAME,"裝備收藏家{1}"
MISSION_EQUIP_GET_DESC,"獲得裝備{1}次！"
MISSION_EQUIP_GET_GRADE_NAME,"{1}裝備收藏家{2}"
MISSION_EQUIP_GET_GRADE_DESC,"獲得{2}次{1}級別裝備！"
MISSION_EQUIP_ENHANCE_NAME,"盡情打吧！{1}"
MISSION_EQUIP_ENHANCE_DESC,"裝備強化階段上升{1}次！"
MISSION_EQUIP_STAR_NAME,"喚醒裝備隱藏的力量{1}"
MISSION_EQUIP_STAR_DESC,"裝備覺醒{1}次！"
MISSION_ITEM_CRAFT_NAME,"試著親手製作吧？{1}"
MISSION_ITEM_CRAFT_DESC,"道具製作{1}次"
MISSION_ITEM_MATERIAL_GET_NAME,"收集素材吧！{1}"
MISSION_ITEM_MATERIAL_GET_DESC,"獲得素材道具{1}次"
MISSION_ITEM_RECIPE_GET_NAME,"製作道具的方法{1}"
MISSION_ITEM_RECIPE_GET_DESC,"獲得道具製作書{1}次"
MISSION_ITEM_EXCHANGE_GET_NAME,"值錢的物品！"
MISSION_ITEM_EXCHANGE_GET_DESC,"獲得販售用道具{1}次"
MISSION_EQUIP_CRAFT_GREEN_NAME,"實力堅強的鐵匠{1}"
MISSION_EQUIP_CRAFT_BLUE_NAME,"實力非凡的鐵匠{1}"
MISSION_EQUIP_CRAFT_PURPLE_NAME,"傳說的鐵匠{1}"
MISSION_EQUIP_CRAFT_ORANGE_NAME,"擁有神之鎚的鐵匠{1}"
MISSION_EQUIP_CRAFT_DESC,"透過製作獲得{1}級別裝備{2}次"
MISSION_CONSUME_CRAFT_GREEN_NAME,"製作美味的料理！{1}"
MISSION_CONSUME_CRAFT_BLUE_NAME,"製作夢幻的料理！{1}"
MISSION_CONSUME_CRAFT_PURPLE_NAME,"傳說的料理師{1}"
MISSION_CONSUME_CRAFT_ORANGE_NAME,"神之料理師{1}"
MISSION_CONSUME_CRAFT_DESC,"透過製作獲得{1}級別料理{2}次"
MISSION_GOLD_NAME,"我想成為富豪！{1}"
MISSION_GOLD_DESC,"金幣獲得量突破{1}"
MISSION_STAMINA_NAME,"當然要勤奮地跑呀{1}"
MISSION_STAMINA_DESC,"體力消耗突破{1}"
MISSION_CHAPTER_NORMAL_NAME,"征服{1}(一般)！"
MISSION_CHAPTER_NORMAL_DESC,"完成章節{1}(一般)"
MISSION_CHAPTER_HARD_NAME,"征服{1}(一般)！"
MISSION_CHAPTER_HARD_DESC,"完成章節{1}(一般)"
MISSION_HERO_GET_NAME,"新同伴！{1}"
MISSION_HERO_GET_DESC,"第{1}個新同伴加入！"
MISSION_TRIAL_COUNT_NAME,"與自己的戰鬥{1}"
MISSION_TRIAL_COUNT_DESC,"通過試煉之房{1}次！"
MISSION_HERO_TRIAL_CLEAR1_NAME,"試煉開始的{1}"
MISSION_HERO_TRIAL_CLEAR2_NAME,"尋求真正力量的{1}"
MISSION_HERO_TRIAL_CLEAR3_NAME,"跨越門檻的{1}"
MISSION_HERO_TRIAL_CLEAR4_NAME,"克服試煉的{1}"
MISSION_HERO_TRIAL_CLEAR5_NAME,"跨越極限的{1}"
MISSION_HERO_TRIAL_CLEAR_DESC,"{1}試煉之房最初通過{2}"
MISSION_COLLECT_EXPLORE_NAME,"組成探索遠征隊吧！{1}"
MISSION_COLLECT_EXPLORE_DESC,"遠征隊探索成功{1}次"
MISSION_COLLECT_PLUNDER_NAME,"弱肉強食{1}"
MISSION_COLLECT_PLUNDER_DESC,"遠征隊掠奪成功{1}次"
MISSION_WALL_NAME,"怪物的大攻勢！{1}"
MISSION_WALL_DESC,"完成壁壘防禦{1}波"
MISSION_PVP_COUNT_NAME,"成為最強者！{1}"
MISSION_PVP_COUNT_DESC,"參加競技場{1}次"
MISSION_GUILD_JOIN_NAME,"加入公會！"
MISSION_GUILD_JOIN_DESC,"最初加入公會"
MISSION_GUILD_CREATE_NAME,"創立公會！"
MISSION_GUILD_CREATE_DESC,"最初創立公會"
MISSION_GUILD_MERCENARY_USE_NAME,"雇用公會的傭兵！{1}"
MISSION_GUILD_MERCENARY_USE_DESC,"使用公會傭兵{1}次"
MISSION_GUILD_MERCENARY_REGISTER_NAME,"傭兵打工{1}"
MISSION_GUILD_MERCENARY_REGISTER_DESC,"自己登記的傭兵接受他人雇用{1}次"
MISSION_TEAMLEVEL_NAME,"變強的凱瑟與同伴{1}"
MISSION_TEAMLEVEL_DESC,"達成隊伍等級{1}"
MISSION_VIPLEVEL_NAME,"VIP升級！"
MISSION_VIPLEVEL_DESC,"達成VIP等級{1}"
MISSION_TIERINDEX11_NAME,"達成青銅階級"
MISSION_TIERINDEX11_DESC,"達成青銅階級"
MISSION_TIERINDEX21_NAME,"達成白銀階級"
MISSION_TIERINDEX21_DESC,"達成白銀階級"
MISSION_TIERINDEX31_NAME,"達成黃金階級"
MISSION_TIERINDEX31_DESC,"達成黃金階級"
MISSION_TIERINDEX41_NAME,"達成白金階級"
MISSION_TIERINDEX41_DESC,"達成白金階級"
MISSION_TIERINDEX51_NAME,"達成鑽石階級"
MISSION_TIERINDEX51_DESC,"達成鑽石階級"
MISSION_TIERINDEX60_NAME,"達成大師階級"
MISSION_TIERINDEX60_DESC,"達成大師階級"
MISSION_TIERINDEX70_NAME,"達成挑戰階級"
MISSION_TIERINDEX70_DESC,"達成挑戰階級"
DAILYMISSION_MONTHLY_RUBY_NAME,"發送月定額紅寶石"
DAILYMISSION_MONTHLY_RUBY_DESC,"發送月定額紅寶石"
MISSION_GOLD_BATTLE_NAME,"準備勇者需要的資本{1}"
MISSION_GOLD_BATTLE_DESC,"透過戰鬥獲得{1}金幣"
MISSION_GOLD_ACCUMULATIVE_DESC,"累積貨幣突破{1}金幣！"
MISSION_GOLD_SHOP_BUY_NAME,"懂得善用金錢的人{1}"
MISSION_GOLD_SHOP_BUY_DESC,"在商店中使用{1}金幣"
MISSION_GOLD_DEPLETION_NAME,"金錢會不斷地流動！{1}"
MISSION_GOLD_DEPLETION_DESC,"總消耗貨幣突破{1}金幣！"
MISSION_EQUIP_UPGRADE_TRY_NAME,"強化裝備很簡單吧？{1}"
MISSION_EQUIP_UPGRADE_TRY_DESC,"嘗試強化裝備{1}次"
MISSION_EQUIP_UPGRADE_NAME,"製作優秀的裝備！{1}"
MISSION_EQUIP_UPGRADE_DESC,"達成裝備強化{1}"
MISSION_EQUIP_DROP_STAR_NAME,"性能卓越的裝備{1}"
MISSION_EQUIP_DROP_STAR_DESC,"首次購買{1}裝備"
MISSION_EQUIP_DROP_GRADE_NAME,"英雄就該擁有強力的武器！{1}"
MISSION_EQUIP_DROP_GRADE_DESC,"首次購買{1}裝備"
MISSION_EQUIP_DROP_RELEC_NAME,"具備神秘力量的物品{1}"
MISSION_EQUIP_DROP_RELEC_DESC,"獲得裝備碎片{1}個"
MISSION_EQUIP_PARTY_NAME,"勇者派對，變強！{1}"
MISSION_EQUIP_PARTY_DESC,"讓4名以上的英雄穿戴{1}裝備"
MISSION_BATTLE_MONSTER_NAME,"無法原諒的魔王軍！{1}"
MISSION_BATTLE_MONSTER_DESC,"消滅怪物{1}隻"
MISSION_BATTLE_QUEST_NAME,"為了大家的和平！{1}"
MISSION_BATTLE_QUEST_DESC,"完成討伐任務{1}次"
DAILYMISSION_EXCAVATION_NAME,"這裡是金礦嗎？！"
DAILYMISSION_EXCAVATION_DESC,"完成挖掘{1}次"
MISSION_CHAPTER1_CLEAR_NAME,"平定拉姆斯平原！"
MISSION_CHAPTER2_CLEAR_NAME,"平定艾莉朵拉森林！"
MISSION_CHAPTER3_CLEAR_NAME,"平定德拉高山脈！"
MISSION_CHAPTER4_CLEAR_NAME,"平定喀瑞德森林！"
MISSION_CHAPTER5_CLEAR_NAME,"平定阿羅維納海岸！"
MISSION_CHAPTER1_CLEAR_DESC,"完成第1章節全部的節點"
MISSION_CHAPTER2_CLEAR_DESC,"完成第2章節全部的節點"
MISSION_CHAPTER3_CLEAR_DESC,"完成第3章節全部的節點"
MISSION_CHAPTER4_CLEAR_DESC,"完成第4章節全部的節點"
MISSION_CHAPTER5_CLEAR_DESC,"完成第5章節全部的節點"
MISSION_ARENA_NAME,"為了名譽而挑戰"
MISSION_ARENA_DESC,"首次挑戰勝者之巔"
MISSION_ARENA_VICTORY_NAME,"歌頌你的勝利！{1}"
MISSION_ARENA_VICTORY_DESC,"在競技場達成華麗的勝利{1}次"
MISSION_ARENA_LOSE_NAME,"雖敗猶榮…{1}"
MISSION_ARENA_LOSE_DESC,"在競技場不幸落敗{1}次"
MISSION_ARENA_RANK_NAME,"提升你的名譽吧！"
MISSION_ARENA_RANK_DESC,"在競技場首次達成{1}級別"
MISSION_ARENA_FIRSTRANK_NAME,"平定競技場！"
MISSION_ARENA_FIRSTRANK_DESC,"達成季賽冠軍"
MISSION_UNDERGROUND_DUNGEON_NAME,"壓制怪物們的騷亂{1}"
MISSION_UNDERGROUND_DUNGEON_DESC,"首次完成地下監牢{1}區域"
MISSION_HERO_GROWTH_NAME,"{1}無止盡的成長{2}"
MISSION_HERO_GROWTH_DESC,"達到{1}{2}級"
MISSION_HERO_AWAKENING_NAME,"{1}通過試煉領悟新的力量{2}"
MISSION_HERO_AWAKENING_DESC,"{1}覺醒達成{2}階段"
MISSION_HERO_TRANSCENDENCE_NAME,"{1}超越自己的極限{2}"
MISSION_HERO_TRANSCENDENCE_DESC,"{1}突破達成{2}階段"
MISSION_HERO_EQUIP_SET_NAME,"勇者的意志{1}"
MISSION_HERO_EQUIP_SET_DESC,"{1}穿戴 4個{2}裝備"
MISSION_HERO_SKILL_NAME,"領悟完整技能{1}"
MISSION_HERO_SKILL_DESC,"技能{1}專長大師"
MISSION_HERO_SKILL_ALL_NAME,"{1}, 成為所有技能的達人"
MISSION_HERO_SKILL_ALL_DESC,"所有的技能專長大師"
MISSION_HERO_EXCAVATION_NAME,"挖掘技巧日益精進的{1}{2}"
MISSION_HERO_EXCAVATION_DESC,"{1}擔任代表英雄嘗試挖掘{2}次"
MISSION_HERO_MERCENARY_NAME,"最紅的英雄{1}{2}"
MISSION_HERO_MERCENARY_DESC,"{1}登記為公會傭兵後雇用公會員{2}次"
MISSION_HERO_PIT_MEMBER_NAME,"緊握滿是傷痕的勝利的{1}"
MISSION_HERO_PIT_MEMBER_DESC,"在{1}章節深淵之牢消滅最後BOSS的成員"
MISSION_HERO_UPPER_DUNGEON_NAME,"激戰中的英雄{1}{2}"
MISSION_HERO_UPPER_DUNGEON_DESC,"{1}以高級副本成員身分參加{2}次"
MISSION_HERO_ARENA_BATTLE_NAME,"光榮戰鬥中的英雄{1}{2}"
MISSION_HERO_ARENA_BATTLE_DESC,"{1}以競技場成員身分參加{2}次"
DAILYMISSION_ALL_CLEAR_NAME,"本日工作完成！"
DAILYMISSION_ALL_CLEAR_DESC,"完成全部的每日任務"
DAILYMISSION_STAMINA_NAME,"難以喘息"
DAILYMISSION_STAMINA_DESC,"消耗體力{1}"
DAILY_QUEST_EXCAVATION_NAME,"積少成多"
MISSION_EVENT_STMAINA_NAME1,"本日第一個紅利體力！"
MISSION_EVENT_STMAINA_NAME2,"本日第二個紅利體力！"
MISSION_EVENT_STMAINA_NAME3,"本日最後一個紅利體力！"
MISSION_EVENT_STMAINA_DESC1,"PM 12點 ~ 2點之間登入"
MISSION_EVENT_STMAINA_DESC2,"PM 6點 ~ 8點之間登入"
MISSION_EVENT_STMAINA_DESC3,"PM 10點 ~ AM 12點之間登入"
MISSION_EVENT_GOLD_NAME,"皇家支援金"
MISSION_QUEST_CLEAR_NOTY_TITLE,"完成任務"
MISSION_QUEST_CLEAR_NOTY_CONTENT1,"{1}任務已完成了。"
MISSION_QUEST_CLEAR_NOTY_CONTENT2,"於任務中領取獎勵。"
MISSION_ACHIEVEMENT_CLEAR_NOTY_TITLE,"完成成就"
MISSION_ACHIEVEMENT_CLEAR_NOTY_CONTENT1,"{1}成就已完成了。"
MISSION_ACHIEVEMENT_CLEAR_NOTY_CONTENT2,"在成就中領取獎勵。"
MISSION_EXCAVATION_NAME,"挖掘就是日常生活{1}"
MISSION_EXCAVATION_DESC,"完成挖掘{1}次"
MISSION_ADDFRIEND_NAME,"朋友，要不要一起組隊呢？{1}"
MISSION_ADDFRIEND_DESC,"登記好友{1}名"
QUEST_ROYAL_SUPPORT_GOLD_9001_NAME,"本日的紅利金幣！"
QUEST_ROYAL_SUPPORT_GOLD_9001_DESC,"1天上線1次"
QUEST_DAILY_FREE_STAMINA_9002_NAME,"本日的紅利體力！"
QUEST_DAILY_FREE_STAMINA_9002_DESC,"上午{1}點~{2}點之間上線"
QUEST_DAILY_FREE_STAMINA_9003_NAME,"本日的第二次紅利體力！"
QUEST_DAILY_FREE_STAMINA_9003_DESC,"下午{1}點~{2}點之間上線"
QUEST_DAILY_FREE_STAMINA_9004_NAME,"本日的第三次紅利體力！"
QUEST_DAILY_FREE_STAMINA_9004_DESC,"下午{1}點~{2}點之間上線"
QUEST_DAILY_FREE_STAMINA_9005_NAME,"本日最後的紅利體力！"
QUEST_DAILY_FREE_STAMINA_9005_DESC,"下午{1}點~{2}點之間上線"
MISSION_CHAPTER_CLEAR_DESC,"完成{1}章節全部的節點"
MISSION_ACCOUNT_CHANGE_NAME,"連結帳號"
MISSION_ACCOUNT_CHANGE_DESC,"請於[設定]->[其他]當中，選擇FB或Google Play帳號進行綁定。"
WEEKLYMISSION_DUNGEON_CLEAR_NAME,"無止盡的冒險"
WEEKLYMISSION_ITEM_ENHANCE_NAME,"打太過頭了？！"
WEEKLYMISSION_COMPLETEDAILYQUEST_NAME,"我是勤勞的人"
WEEKLYMISSION_COMPLETEDAILYQUEST_DESC,"完成每日任務{1}次"
WEEKLYMISSION_PVP_VICTORY_NAME,"我贏了嗎？"
WEEKLYMISSION_PVP_VICTORY_DESC,"勝者之巔獲勝{1}次"
WEEKLYMISSION_UPGRADEHEROSKILL_NAME,"戰鬥的基本就是修練！"
WEEKLYMISSION_UPGRADEHEROSKILL_DESC,"英雄技能強化{1}次"
WEEKLYMISSION_BATTLEREWARDEQUIP_NAME,"天啊，好重！"
WEEKLYMISSION_BATTLEREWARDEQUIP_DESC,"在副本中獲得裝備{1}次"
WEEKLYMISSION_GETGOLD_NAME,"金錢萬能主義"
WEEKLYMISSION_GETGOLD_DESC,"消耗{1}金幣"
WEEKLYMISSION_TOWER_JOIN_NAME,"塔的盡頭在哪裡呢？"
WEEKLYMISSION_UNDERGROUND_ALLCLEAR_NAME,"終於變安靜了。"
WEEKLYMISSION_UNDERGROUND_ALLCLEAR_DESC,"完成地下監牢{1}次"
WEEKLYMISSION_ALL_CLEAR_NAME,"還真是勤勞！！"
WEEKLYMISSION_ALL_CLEAR_DESC,"完成全部的每週任務"
MISSION_EQUIP_GET_STAR_ITEM,"性能卓越的{1}星裝備{2}"
MISSION_EQUIP_GET_STAR_ITEM_DESC,"獲得{1}星裝備{2}個"
MISSION_EQUIP_GET_GRADE_ITEM_1,"英雄就該擁有高級裝備！{1}"
MISSION_EQUIP_GET_GRADE_ITEM_DESC_1,"獲得高級裝備{1}個"
MISSION_EQUIP_GET_GRADE_ITEM_2,"英雄就該擁有稀有裝備！{1}"
MISSION_EQUIP_GET_GRADE_ITEM_DESC_2,"獲得稀有裝備{1}個"
MISSION_EQUIP_GET_GRADE_ITEM_3,"英雄就該擁有英雄裝備！{1}"
MISSION_EQUIP_GET_GRADE_ITEM_DESC_3,"獲得英雄裝備{1}個"
MISSION_EQUIP_GET_GRADE_ITEM_4,"英雄就該擁有傳說裝備！{1}"
MISSION_EQUIP_GET_GRADE_ITEM_DESC_4,"獲得傳說裝備{1}個"
MISSION_EQUIP_PARTY_GRADE_1,"勇者派對，利用高級裝備變強！{1}"
MISSION_EQUIP_PARTY_GRADE_DESC_1,"讓英雄穿戴{1}個高級裝備"
MISSION_EQUIP_PARTY_GRADE_2,"勇者派對，利用稀有裝備變強！{1}"
MISSION_EQUIP_PARTY_GRADE_DESC_2,"讓英雄穿戴{1}個稀有裝備"
MISSION_EQUIP_PARTY_GRADE_3,"勇者派對，利用英雄裝備變強！{1}"
MISSION_EQUIP_PARTY_GRADE_DESC_3,"讓英雄穿戴{1}個英雄裝備"
MISSION_EQUIP_PARTY_GRADE_4,"勇者派對，利用傳說裝備變強！{1}"
MISSION_EQUIP_PARTY_GRADE_DESC_4,"讓英雄穿戴{1}個傳說級別裝備"
MISSION_UNDERGROUND_DUNGEON_CLEAR,"壓制地下監牢{1}區的怪物！{2}"
MISSION_UNDERGROUND_DUNGEON_CLEAR_DESC,"完成地下監牢{1}區域{2}次"
MISSION_SHOP_BUY_HIGH_EQUIPMENT,"裝備是讓英雄變強的最佳利器！{1}"
MISSION_SHOP_BUY_HIGH_EQUIPMENT_DESC,"召喚特殊道具{1}次"
MISSION_SHOP_BUY_NORMAL_EQUIPMENT,"測試一下你的運氣吧！{1}"
MISSION_SHOP_BUY_NORMAL_EQUIPMENT_DESC,"召喚道具{1}次"
MISSION_ARENA_WIN,"誰能擊敗我呢？！{1}"
MISSION_ARENA_WIN_DESC,"競技場獲勝{1}次"
MISSION_GEM_DEPLETION_NAME,"紅寶石？我當然要使用呀！{1}"
MISSION_GEM_DEPLETION_DESC,"總消耗貨幣突破{1}紅寶石！"
MISSION_STAMINA_DEPLETION_NAME,"充裕的體力！{1}"
MISSION_STAMINA_DEPLETION_NAME_2,"源源不斷的體力！{1}"
MISSION_STAMINA_DEPLETION_DESC,"消耗總體力突破{1}！"
MISSION_LABYRINTH_CLEAR_NAME_1,"今天也來守護地窖吧？"
MISSION_LABYRINTH_CLEAR_DESC_1,"完成上古皇室金庫{1}次"
MISSION_LABYRINTH_CLEAR_NAME_2,"我是地窖守護者！"
MISSION_UPPERDUNGEON_CLEAR_NAME_1,"今天也要蒐集覺醒晶元！"
MISSION_UPPERDUNGEON_CLEAR_DESC_1,"完成高級副本{1}次"
MISSION_UPPERDUNGEON_CLEAR_NAME_2,"哈哈哈，高級副本只是小意思！"
MISSION_CLEARTOWER21_FLOOR_1,"毫無顧忌的挑戰{1}"
MISSION_CLEARTOWER21_FLOOR_2,"毫無顧忌的挑戰{1}"
MISSION_CLEARTOWER21_FLOOR_3,"毫無顧忌的挑戰{1}"
MISSION_CLEARTOWER21_FLOOR_4,"毫無顧忌的挑戰{1}"
MISSION_CLEARTOWER21_FLOOR_5,"毫無顧忌的挑戰{1}"
MISSION_CLEARTOWER21_FLOOR_6,"毫無顧忌的挑戰{1}"
MISSION_CLEARTOWER21_FLOOR_7,"毫無顧忌的挑戰{1}"
MISSION_CLEARTOWER11_FLOOR_1,"前往試煉的暴風中！{1}"
MISSION_CLEARTOWER11_FLOOR_2,"前往試煉的暴風中！{1}"
MISSION_CLEARTOWER999_FLOOR_1,"今天也安全的金庫{1}"
MISSION_CLEARTOWER999_FLOOR_2,"今天也安全的金庫{1}"
MISSION_CLEARTOWER999_FLOOR_3,"今天也安全的金庫{1}"
MISSION_CLEARTOWER21_FLOOR_1_DESC,"完成挑戰之塔{1}層"
MISSION_CLEARTOWER21_FLOOR_2_DESC,"完成挑戰之塔{1}層"
MISSION_CLEARTOWER21_FLOOR_3_DESC,"完成挑戰之塔{1}層"
MISSION_CLEARTOWER21_FLOOR_4_DESC,"完成挑戰之塔{1}層"
MISSION_CLEARTOWER21_FLOOR_5_DESC,"完成挑戰之塔{1}層"
MISSION_CLEARTOWER21_FLOOR_6_DESC,"完成挑戰之塔{1}層"
MISSION_CLEARTOWER21_FLOOR_7_DESC,"完成挑戰之塔{1}層"
MISSION_CLEARTOWER11_FLOOR_1_DESC,"完成試煉之塔{1}層"
MISSION_CLEARTOWER11_FLOOR_2_DESC,"完成試煉之塔{1}層"
MISSION_CLEARTOWER999_FLOOR_1_DESC,"完成上古皇室金庫{1}層"
MISSION_CLEARTOWER999_FLOOR_2_DESC,"完成上古皇室金庫{1}層"
MISSION_CLEARTOWER999_FLOOR_3_DESC,"完成上古皇室金庫{1}層"
MISSION_CLEARTOWER999_FLOOR_4_DESC,"完成上古皇室金庫{1}層"
MISSION_CLEARTOWER999_FLOOR_5_DESC,"完成上古皇室金庫{1}層"
MISSION_WORLDBOSS_PLAYTIME1_NAME,"朋友，挑戰就和黃金一樣重要{1}"
MISSION_WORLDBOSS_PLAYTIME2_NAME,"朋友，挑戰就和黃金一樣重要{1}"
MISSION_WORLDBOSS_PLAYTIME3_NAME,"朋友，挑戰就和黃金一樣重要{1}"
MISSION_WORLDBOSS_PLAYTIME4_NAME,"朋友，挑戰就和黃金一樣重要{1}"
MISSION_WORLDBOSS_PLAYTIME5_NAME,"朋友，挑戰就和黃金一樣重要{1}"
MISSION_WORLDBOSS_PLAYTIME6_NAME,"朋友，挑戰就和黃金一樣重要{1}"
MISSION_WORLDBOSS_PLAYTIME7_NAME,"朋友，挑戰就和黃金一樣重要{1}"
MISSION_WORLDBOSS_PLAYTIME8_NAME,"朋友，挑戰就和黃金一樣重要{1}"
MISSION_WORLDBOSS_PLAYTIME9_NAME,"朋友，挑戰就和黃金一樣重要{1}"
MISSION_WORLDBOSS_PLAYTIME10_NAME,"朋友，挑戰就和黃金一樣重要{1}"
MISSION_WORLDBOSS_PLAYTIME1_DESC,"向世界BOSS挑戰{1}次"
MISSION_WORLDBOSS_PLAYTIME2_DESC,"向世界BOSS挑戰{1}次"
MISSION_WORLDBOSS_PLAYTIME3_DESC,"向世界BOSS挑戰{1}次"
MISSION_WORLDBOSS_PLAYTIME4_DESC,"向世界BOSS挑戰{1}次"
MISSION_WORLDBOSS_PLAYTIME5_DESC,"向世界BOSS挑戰{1}次"
MISSION_WORLDBOSS_PLAYTIME6_DESC,"向世界BOSS挑戰{1}次"
MISSION_WORLDBOSS_PLAYTIME7_DESC,"向世界BOSS挑戰{1}次"
MISSION_WORLDBOSS_PLAYTIME8_DESC,"向世界BOSS挑戰{1}次"
MISSION_WORLDBOSS_PLAYTIME9_DESC,"向世界BOSS挑戰{1}次"
MISSION_WORLDBOSS_PLAYTIME10_DESC,"向世界BOSS挑戰{1}次"
MISSION_WORLDBOSS_DAMAGE1_NAME,"我的興趣是當英雄！{1}"
MISSION_WORLDBOSS_DAMAGE2_NAME,"我的興趣是當英雄！{1}"
MISSION_WORLDBOSS_DAMAGE3_NAME,"我的興趣是當英雄！{1}"
MISSION_WORLDBOSS_DAMAGE4_NAME,"我的興趣是當英雄！{1}"
MISSION_WORLDBOSS_DAMAGE5_NAME,"我的興趣是當英雄！{1}"
MISSION_WORLDBOSS_DAMAGE6_NAME,"我的興趣是當英雄！{1}"
MISSION_WORLDBOSS_DAMAGE7_NAME,"我的興趣是當英雄！{1}"
MISSION_WORLDBOSS_DAMAGE8_NAME,"我的興趣是當英雄！{1}"
MISSION_WORLDBOSS_DAMAGE9_NAME,"我的興趣是當英雄！{1}"
MISSION_WORLDBOSS_DAMAGE1_DESC,"於單一戰鬥中對世界BOSS造成{1}的傷害。"
MISSION_WORLDBOSS_DAMAGE2_DESC,"於單一戰鬥中對世界BOSS造成{1}的傷害。"
MISSION_WORLDBOSS_DAMAGE3_DESC,"於單一戰鬥中對世界BOSS造成{1}的傷害。"
MISSION_WORLDBOSS_DAMAGE4_DESC,"於單一戰鬥中對世界BOSS造成{1}的傷害。"
MISSION_WORLDBOSS_DAMAGE5_DESC,"於單一戰鬥中對世界BOSS造成{1}的傷害。"
MISSION_WORLDBOSS_DAMAGE6_DESC,"於單一戰鬥中對世界BOSS造成{1}的傷害。"
MISSION_WORLDBOSS_DAMAGE7_DESC,"於單一戰鬥中對世界BOSS造成{1}的傷害。"
MISSION_WORLDBOSS_DAMAGE8_DESC,"於單一戰鬥中對世界BOSS造成{1}的傷害。"
MISSION_WORLDBOSS_DAMAGE9_DESC,"於單一戰鬥中對世界BOSS造成{1}的傷害。"
MISSION_WORLDBOSS_PLAYTIME11_NAME,"朋友，挑戰就和黃金一樣重要{1}"
MISSION_WORLDBOSS_PLAYTIME12_NAME,"朋友，挑戰就和黃金一樣重要{1}"
MISSION_WORLDBOSS_PLAYTIME13_NAME,"朋友，挑戰就和黃金一樣重要{1}"
MISSION_WORLDBOSS_PLAYTIME14_NAME,"朋友，挑戰就和黃金一樣重要{1}"
MISSION_WORLDBOSS_PLAYTIME15_NAME,"朋友，挑戰就和黃金一樣重要{1}"
MISSION_WORLDBOSS_PLAYTIME16_NAME,"朋友，挑戰就和黃金一樣重要{1}"
MISSION_WORLDBOSS_PLAYTIME17_NAME,"朋友，挑戰就和黃金一樣重要{1}"
MISSION_WORLDBOSS_PLAYTIME18_NAME,"朋友，挑戰就和黃金一樣重要{1}"
MISSION_WORLDBOSS_PLAYTIME19_NAME,"朋友，挑戰就和黃金一樣重要{1}"
MISSION_WORLDBOSS_PLAYTIME20_NAME,"朋友，挑戰就和黃金一樣重要{1}"
MISSION_WORLDBOSS_PLAYTIME21_NAME,"朋友，挑戰就和黃金一樣重要{1}"
MISSION_WORLDBOSS_PLAYTIME22_NAME,"朋友，挑戰就和黃金一樣重要{1}"
MISSION_WORLDBOSS_DAMAGE10_NAME,"我的興趣是當英雄！{1}"
MISSION_WORLDBOSS_DAMAGE11_NAME,"我的興趣是當英雄！{1}"
MISSION_WORLDBOSS_DAMAGE12_NAME,"我的興趣是當英雄！{1}"
MISSION_WORLDBOSS_DAMAGE13_NAME,"我的興趣是當英雄！{1}"
MISSION_WORLDBOSS_PLAYTIME11_DESC,"向世界BOSS挑戰{1}次"
MISSION_WORLDBOSS_PLAYTIME12_DESC,"向世界BOSS挑戰{1}次"
MISSION_WORLDBOSS_PLAYTIME13_DESC,"向世界BOSS挑戰{1}次"
MISSION_WORLDBOSS_PLAYTIME14_DESC,"向世界BOSS挑戰{1}次"
MISSION_WORLDBOSS_PLAYTIME15_DESC,"向世界BOSS挑戰{1}次"
MISSION_WORLDBOSS_PLAYTIME16_DESC,"向世界BOSS挑戰{1}次"
MISSION_WORLDBOSS_PLAYTIME17_DESC,"向世界BOSS挑戰{1}次"
MISSION_WORLDBOSS_PLAYTIME18_DESC,"向世界BOSS挑戰{1}次"
MISSION_WORLDBOSS_PLAYTIME19_DESC,"向世界BOSS挑戰{1}次"
MISSION_WORLDBOSS_PLAYTIME20_DESC,"向世界BOSS挑戰{1}次"
MISSION_WORLDBOSS_PLAYTIME21_DESC,"向世界BOSS挑戰{1}次"
MISSION_WORLDBOSS_PLAYTIME22_DESC,"向世界BOSS挑戰{1}次"
MISSION_WORLDBOSS_DAMAGE10_DESC,"於單一戰鬥中對世界BOSS造成{1}的傷害。"
MISSION_WORLDBOSS_DAMAGE11_DESC,"於單一戰鬥中對世界BOSS造成{1}的傷害。"
MISSION_WORLDBOSS_DAMAGE12_DESC,"於單一戰鬥中對世界BOSS造成{1}的傷害。"
MISSION_WORLDBOSS_DAMAGE13_DESC,"於單一戰鬥中對世界BOSS造成{1}的傷害。"
MISSION_WORLDBOSS_DAMAGE14_NAME,"我的興趣是當英雄！{1}"
MISSION_WORLDBOSS_DAMAGE15_NAME,"我的興趣是當英雄！{1}"
MISSION_WORLDBOSS_DAMAGE16_NAME,"我的興趣是當英雄！{1}"
MISSION_WORLDBOSS_DAMAGE14_DESC,"於單一戰鬥中對世界BOSS造成{1}的傷害。"
MISSION_WORLDBOSS_DAMAGE15_DESC,"於單一戰鬥中對世界BOSS造成{1}的傷害。"
MISSION_WORLDBOSS_DAMAGE16_DESC,"於單一戰鬥中對世界BOSS造成{1}的傷害。"
MISSION_WORLDBOSS_DAMAGE17_NAME,"我的興趣是當英雄！{1}"
MISSION_WORLDBOSS_DAMAGE18_NAME,"我的興趣是當英雄！{1}"
MISSION_WORLDBOSS_DAMAGE19_NAME,"我的興趣是當英雄！{1}"
MISSION_WORLDBOSS_DAMAGE20_NAME,"我的興趣是當英雄！{1}"
MISSION_WORLDBOSS_DAMAGE21_NAME,"我的興趣是當英雄！{1}"
MISSION_WORLDBOSS_DAMAGE22_NAME,"我的興趣是當英雄！{1}"
MISSION_WORLDBOSS_DAMAGE23_NAME,"我的興趣是當英雄！{1}"
MISSION_WORLDBOSS_DAMAGE24_NAME,"我的興趣是當英雄！{1}"
MISSION_WORLDBOSS_DAMAGE25_NAME,"我的興趣是當英雄！{1}"
MISSION_WORLDBOSS_DAMAGE26_NAME,"我的興趣是當英雄！{1}"
MISSION_WORLDBOSS_DAMAGE27_NAME,"我的興趣是當英雄！{1}"
MISSION_WORLDBOSS_DAMAGE28_NAME,"我的興趣是當英雄！{1}"
MISSION_WORLDBOSS_DAMAGE29_NAME,"我的興趣是當英雄！{1}"
MISSION_WORLDBOSS_DAMAGE30_NAME,"我的興趣是當英雄！{1}"
MISSION_WORLDBOSS_DAMAGE31_NAME,"我的興趣是當英雄！{1}"
MISSION_WORLDBOSS_DAMAGE32_NAME,"我的興趣是當英雄！{1}"
MISSION_WORLDBOSS_DAMAGE33_NAME,"我的興趣是當英雄！{1}"
MISSION_WORLDBOSS_DAMAGE34_NAME,"我的興趣是當英雄！{1}"
MISSION_WORLDBOSS_DAMAGE35_NAME,"我的興趣是當英雄！{1}"
MISSION_WORLDBOSS_DAMAGE36_NAME,"我的興趣是當英雄！{1}"
MISSION_WORLDBOSS_DAMAGE37_NAME,"我的興趣是當英雄！{1}"
MISSION_WORLDBOSS_DAMAGE17_DESC,"於單一戰鬥中對世界BOSS造成{1}的傷害。"
MISSION_WORLDBOSS_DAMAGE18_DESC,"於單一戰鬥中對世界BOSS造成{1}的傷害。"
MISSION_WORLDBOSS_DAMAGE19_DESC,"於單一戰鬥中對世界BOSS造成{1}的傷害。"
MISSION_WORLDBOSS_DAMAGE20_DESC,"於單一戰鬥中對世界BOSS造成{1}的傷害。"
MISSION_WORLDBOSS_DAMAGE21_DESC,"於單一戰鬥中對世界BOSS造成{1}的傷害。"
MISSION_WORLDBOSS_DAMAGE22_DESC,"於單一戰鬥中對世界BOSS造成{1}的傷害。"
MISSION_WORLDBOSS_DAMAGE23_DESC,"於單一戰鬥中對世界BOSS造成{1}的傷害。"
MISSION_WORLDBOSS_DAMAGE24_DESC,"於單一戰鬥中對世界BOSS造成{1}的傷害。"
MISSION_WORLDBOSS_DAMAGE25_DESC,"於單一戰鬥中對世界BOSS造成{1}的傷害。"
MISSION_WORLDBOSS_DAMAGE26_DESC,"於單一戰鬥中對世界BOSS造成{1}的傷害。"
MISSION_WORLDBOSS_DAMAGE27_DESC,"於單一戰鬥中對世界BOSS造成{1}的傷害。"
MISSION_WORLDBOSS_DAMAGE28_DESC,"於單一戰鬥中對世界BOSS造成{1}的傷害。"
MISSION_WORLDBOSS_DAMAGE29_DESC,"於單一戰鬥中對世界BOSS造成{1}的傷害。"
MISSION_WORLDBOSS_DAMAGE30_DESC,"於單一戰鬥中對世界BOSS造成{1}的傷害。"
MISSION_WORLDBOSS_DAMAGE31_DESC,"於單一戰鬥中對世界BOSS造成{1}的傷害。"
MISSION_WORLDBOSS_DAMAGE32_DESC,"於單一戰鬥中對世界BOSS造成{1}的傷害。"
MISSION_WORLDBOSS_DAMAGE33_DESC,"於單一戰鬥中對世界BOSS造成{1}的傷害。"
MISSION_WORLDBOSS_DAMAGE34_DESC,"於單一戰鬥中對世界BOSS造成{1}的傷害。"
MISSION_WORLDBOSS_DAMAGE35_DESC,"於單一戰鬥中對世界BOSS造成{1}的傷害。"
MISSION_WORLDBOSS_DAMAGE36_DESC,"於單一戰鬥中對世界BOSS造成{1}的傷害。"
MISSION_WORLDBOSS_DAMAGE37_DESC,"於單一戰鬥中對世界BOSS造成{1}的傷害。"
MISSION_EVENTDUNGEON_NAME,"萬聖節活動！"
MISSION_EVENTDUNGEON_DESC,"總消耗突破{1}體力！"
MISSION_CHRISTMAS1_NAME,"守護聖誕節食物！"
MISSION_CHRISTMAS2_NAME,"守護聖誕節的夢想"
MISSION_CHRISTMAS3_NAME,"尋找聖誕節的起源"
MISSION_CHRISTMAS4_NAME,"為了聖誕節慶典！"
MISSION_CHRISTMAS1_DESC,"完成米露露的計畫1次"
MISSION_CHRISTMAS2_DESC,"完成愛比絲的夢境 1次"
MISSION_CHRISTMAS3_DESC,"完成酒鬼菲洛普 1次"
MISSION_CHRISTMAS4_DESC,"完成麻煩製造者 1次"
MISSION_MATCH_PICKBAN_JOIN_REWARD,"榮耀之巔挑戰者！"
MISSION_MATCH_PICKBAN_JOIN_REWARD_DESC_1,"榮耀之巔決鬥3次時獲得！"
MISSION_MATCH_PICKBAN_JOIN_REWARD_DESC_2,"榮耀之巔決鬥 5次時獲得！"
MISSION_NEWYEAR1_NAME,"新年煙火素材 2"
MISSION_NEWYEAR2_NAME,"新年煙火素材 0"
MISSION_NEWYEAR3_NAME,"新年煙火素材 1"
MISSION_NEWYEAR4_NAME,"新年煙火素材 8"
MISSION_NEWYEAR5_NAME,"新年煙火素材 Happy"
MISSION_NEWYEAR6_NAME,"新年煙火素材 New"
MISSION_NEWYEAR7_NAME,"新年煙火素材 Year"
MISSION_NEWYEAR8_NAME,"新年祝賀禮{1}"
MISSION_NEWYEAR9_NAME,"新年感謝禮{1}"
MISSION_NEWYEAR1_DESC,"參加勝者之巔{1}次"
MISSION_NEWYEAR2_DESC,"完成挑戰之塔{1}次"
MISSION_NEWYEAR3_DESC,"完成高級副本{1}次"
MISSION_NEWYEAR4_DESC,"完成討伐戰鬥{1}次"
MISSION_NEWYEAR5_DESC,"完成副本{1}次"
MISSION_NEWYEAR6_DESC,"完成地下監牢{1}次"
MISSION_NEWYEAR7_DESC,"獲得{1}金幣"
MISSION_NEWYEAR8_DESC,"使用新年煙火{1}次"
MISSION_NEWYEAR9_DESC,"使用新年煙火{1}次"
MISSION_CHILDRENSRAINBOW1_NAME,"孩童們的玩具！"
MISSION_CHILDRENSRAINBOW2_NAME,"孩童們的玩具！"
MISSION_CHILDRENSRAINBOW1_DESC,"玩具箱開封{1}次"
MISSION_CHILDRENSRAINBOW2_DESC,"玩具箱開封{1}次"
EVENT_MISION_TITLE_CHRISTMAS_1,"為了在奧勒貝爾旅行的聖誕老人而準備的引導任務第1章"
EVENT_MISION_TITLE_CHRISTMAS_2,"為了在奧勒貝爾旅行的聖誕老人而準備的引導任務第2章"
EVENT_MISION_TITLE_CHRISTMAS_3,"為了在奧勒貝爾旅行的聖誕老人而準備的引導任務第3章"
EVENT_MISION_TITLE_CHRISTMAS_4,"為了在奧勒貝爾旅行的聖誕老人而準備的引導任務第4章"
EVENT_MISION_TITLE_CHRISTMAS_5,"為了在奧勒貝爾旅行的聖誕老人而準備的引導任務第5章"
EVENT_MISION_TITLE_CHRISTMAS_6,"為了在奧勒貝爾旅行的聖誕老人而準備的引導任務第6章"
EVENT_MISION_TITLE_CHRISTMAS_7,"為了在奧勒貝爾旅行的聖誕老人而準備的引導任務第7章"
EVENT_MISION_TITLE_CHRISTMAS_8,"為了在奧勒貝爾旅行的聖誕老人而準備的引導任務第8章"
EVENT_MISION_TITLE_CHRISTMAS_9,"為了在奧勒貝爾旅行的聖誕老人而準備的引導任務第9章"
EVENT_MISION_TITLE_CHRISTMAS_10,"為了在奧勒貝爾旅行的聖誕老人而準備的引導任務第10章"
EVNET_MISION_TREE_LEVEL_COMPLETE,"聖誕樹等級達到Lv{1}"
EVNET_MISION_DUNGEON_CLEAR,"通過特殊副本{1}次"
EVENT_MISION_USE_ITEM_COUNT,"獲得{1}{2}個"
EVENT_MISSION_WORLDBOSS_DAMAGE_NAME,"突破極限吧{1}"
EVENT_MISSION_WORLDBOSS_DAMAGE_DESC,"對活動世界BOSS造成{1}的傷害\n"
EVENT_MISSION_TITLE_NEWYEAR_1,"為了一起共度奧勒貝爾新年的各位準備的禮物 1"
EVENT_MISSION_TITLE_NEWYEAR_2,"為了一起共度奧勒貝爾新年的各位準備的禮物 2"
EVENT_MISSION_TITLE_NEWYEAR_3,"為了一起祝賀奧勒貝爾新年的各位準備的禮物"
MISSION_MATCH_PICKBAN_JOIN_REWARD1_NAME,"榮耀之巔挑戰者！{1}"
MISSION_MATCH_PICKBAN_JOIN_REWARD2_NAME,"榮耀之巔挑戰者！{1}"
MISSION_MATCH_PICKBAN_JOIN_REWARD3_NAME,"榮耀之巔挑戰者！{1}"
MISSION_MATCH_PICKBAN_JOIN_REWARD4_NAME,"榮耀之巔挑戰者！{1}"
MISSION_MATCH_PICKBAN_JOIN_REWARD5_NAME,"榮耀之巔挑戰者！{1}"
MISSION_MATCH_PICKBAN_JOIN_REWARD6_NAME,"榮耀之巔挑戰者！{1}"
MISSION_MATCH_PICKBAN_JOIN_REWARD7_NAME,"榮耀之巔挑戰者！{1}"
MISSION_MATCH_PICKBAN_JOIN_REWARD8_NAME,"榮耀之巔挑戰者！{1}"
MISSION_MATCH_PICKBAN_JOIN_REWARD9_NAME,"榮耀之巔挑戰者！{1}"
MISSION_MATCH_PICKBAN_JOIN_REWARD10_NAME,"榮耀之巔挑戰者！{1}"
MISSION_MATCH_PICKBAN_JOIN_REWARD11_NAME,"榮耀之巔挑戰者！{1}"
MISSION_MATCH_PICKBAN_JOIN_REWARD12_NAME,"榮耀之巔挑戰者！{1}"
MISSION_MATCH_PICKBAN_JOIN_REWARD13_NAME,"榮耀之巔挑戰者！{1}"
MISSION_MATCH_PICKBAN_JOIN_REWARD14_NAME,"榮耀之巔挑戰者！{1}"
MISSION_MATCH_PICKBAN_JOIN_REWARD15_NAME,"榮耀之巔挑戰者！{1}"
MISSION_MATCH_PICKBAN_JOIN_REWARD16_NAME,"榮耀之巔挑戰者！{1}"
MISSION_MATCH_PICKBAN_JOIN_REWARD17_NAME,"榮耀之巔挑戰者！{1}"
MISSION_MATCH_PICKBAN_JOIN_REWARD18_NAME,"榮耀之巔挑戰者！{1}"
MISSION_MATCH_PICKBAN_JOIN_REWARD19_NAME,"榮耀之巔挑戰者！{1}"
MISSION_MATCH_PICKBAN_JOIN_REWARD20_NAME,"榮耀之巔挑戰者！{1}"
MISSION_MATCH_PICKBAN_JOIN_REWARD21_NAME,"榮耀之巔挑戰者！{1}"
MISSION_MATCH_PICKBAN_JOIN_REWARD22_NAME,"榮耀之巔挑戰者！{1}"
MISSION_MATCH_PICKBAN_JOIN_REWARD23_NAME,"榮耀之巔挑戰者！{1}"
MISSION_MATCH_PICKBAN_JOIN_REWARD24_NAME,"榮耀之巔挑戰者！{1}"
MISSION_MATCH_PICKBAN_JOIN_REWARD25_NAME,"榮耀之巔挑戰者！{1}"
MISSION_MATCH_PICKBAN_JOIN_REWARD26_NAME,"榮耀之巔挑戰者！{1}"
MISSION_MATCH_PICKBAN_JOIN_REWARD27_NAME,"榮耀之巔挑戰者！{1}"
MISSION_MATCH_PICKBAN_JOIN_REWARD28_NAME,"榮耀之巔挑戰者！{1}"
MISSION_MATCH_PICKBAN_JOIN_REWARD29_NAME,"榮耀之巔挑戰者！{1}"
MISSION_MATCH_PICKBAN_JOIN_REWARD30_NAME,"榮耀之巔挑戰者！{1}"
MISSION_MATCH_PICKBAN_JOIN_REWARD1_DESC,"完成榮耀之巔決鬥{1}次"
MISSION_MATCH_PICKBAN_JOIN_REWARD2_DESC,"完成榮耀之巔決鬥{1}次"
MISSION_MATCH_PICKBAN_JOIN_REWARD3_DESC,"完成榮耀之巔決鬥{1}次"
MISSION_MATCH_PICKBAN_JOIN_REWARD4_DESC,"完成榮耀之巔決鬥{1}次"
MISSION_MATCH_PICKBAN_JOIN_REWARD5_DESC,"完成榮耀之巔決鬥{1}次"
MISSION_MATCH_PICKBAN_JOIN_REWARD6_DESC,"完成榮耀之巔決鬥{1}次"
MISSION_MATCH_PICKBAN_JOIN_REWARD7_DESC,"完成榮耀之巔決鬥{1}次"
MISSION_MATCH_PICKBAN_JOIN_REWARD8_DESC,"完成榮耀之巔決鬥{1}次"
MISSION_MATCH_PICKBAN_JOIN_REWARD9_DESC,"完成榮耀之巔決鬥{1}次"
MISSION_MATCH_PICKBAN_JOIN_REWARD10_DESC,"完成榮耀之巔決鬥{1}次"
MISSION_MATCH_PICKBAN_JOIN_REWARD11_DESC,"完成榮耀之巔決鬥{1}次"
MISSION_MATCH_PICKBAN_JOIN_REWARD12_DESC,"完成榮耀之巔決鬥{1}次"
MISSION_MATCH_PICKBAN_JOIN_REWARD13_DESC,"完成榮耀之巔決鬥{1}次"
MISSION_MATCH_PICKBAN_JOIN_REWARD14_DESC,"完成榮耀之巔決鬥{1}次"
MISSION_MATCH_PICKBAN_JOIN_REWARD15_DESC,"完成榮耀之巔決鬥{1}次"
MISSION_MATCH_PICKBAN_JOIN_REWARD16_DESC,"完成榮耀之巔決鬥{1}次"
MISSION_MATCH_PICKBAN_JOIN_REWARD17_DESC,"完成榮耀之巔決鬥{1}次"
MISSION_MATCH_PICKBAN_JOIN_REWARD18_DESC,"完成榮耀之巔決鬥{1}次"
MISSION_MATCH_PICKBAN_JOIN_REWARD19_DESC,"完成榮耀之巔決鬥{1}次"
MISSION_MATCH_PICKBAN_JOIN_REWARD20_DESC,"完成榮耀之巔決鬥{1}次"
MISSION_MATCH_PICKBAN_JOIN_REWARD21_DESC,"完成榮耀之巔決鬥{1}次"
MISSION_MATCH_PICKBAN_JOIN_REWARD22_DESC,"完成榮耀之巔決鬥{1}次"
MISSION_MATCH_PICKBAN_JOIN_REWARD23_DESC,"完成榮耀之巔決鬥{1}次"
MISSION_MATCH_PICKBAN_JOIN_REWARD24_DESC,"完成榮耀之巔決鬥{1}次"
MISSION_MATCH_PICKBAN_JOIN_REWARD25_DESC,"完成榮耀之巔決鬥{1}次"
MISSION_MATCH_PICKBAN_JOIN_REWARD26_DESC,"完成榮耀之巔決鬥{1}次"
MISSION_MATCH_PICKBAN_JOIN_REWARD27_DESC,"完成榮耀之巔決鬥{1}次"
MISSION_MATCH_PICKBAN_JOIN_REWARD28_DESC,"完成榮耀之巔決鬥{1}次"
MISSION_MATCH_PICKBAN_JOIN_REWARD29_DESC,"完成榮耀之巔決鬥{1}次"
MISSION_MATCH_PICKBAN_JOIN_REWARD30_DESC,"完成榮耀之巔決鬥{1}次"
MISSION_MATCH_PICKBAN_WIN_REWARD1_NAME,"榮耀之巔勝利者！{1}"
MISSION_MATCH_PICKBAN_WIN_REWARD1_DESC,"達成榮耀之巔獲勝{1}次"
DAILYMISSION_FREE_BOOSTER_EXP_NAME_1,"快速成長的捷徑！使用經驗值加倍時間！{1}"
DAILYMISSION_FREE_BOOSTER_EXP_NAME_2,"快速成長的捷徑！使用經驗值加倍時間！{1}"
DAILYMISSION_FREE_BOOSTER_EXP_NAME_3,"快速成長的捷徑！使用經驗值加倍時間！{1}"
DAILYMISSION_FREE_BOOSTER_EXP_DESC_1,"{1}天連線{1}次"
DAILYMISSION_FREE_BOOSTER_EXP_DESC_2,"{1}天連線{1}次"
DAILYMISSION_FREE_BOOSTER_EXP_DESC_3,"{1}天連線{1}次"
DAILYMISSION_FREE_BOOSTER_GOLD_NAME_1,"成為富豪的捷徑！使用金幣加倍時間！{1}"
DAILYMISSION_FREE_BOOSTER_GOLD_NAME_2,"成為富豪的捷徑！使用金幣加倍時間！{1}"
DAILYMISSION_FREE_BOOSTER_GOLD_NAME_3,"成為富豪的捷徑！使用金幣加倍時間！{1}"
DAILYMISSION_FREE_BOOSTER_GOLD_DESC_1,"{1}天連線{1}次"
DAILYMISSION_FREE_BOOSTER_GOLD_DESC_2,"{1}天連線{1}次"
DAILYMISSION_FREE_BOOSTER_GOLD_DESC_3,"{1}天連線{1}次"
MISSION_TOTAL_MONSTER_NAME_1,"怪物就交給我處理吧{1}"
MISSION_TOTAL_MONSTER_NAME_2,"怪物就交給我處理吧{1}"
MISSION_TOTAL_MONSTER_NAME_3,"怪物就交給我處理吧{1}"
MISSION_TOTAL_MONSTER_NAME_4,"怪物就交給我處理吧{1}"
MISSION_TOTAL_MONSTER_NAME_5,"怪物就交給我處理吧{1}"
MISSION_TOTAL_MONSTER_NAME_6,"怪物就交給我處理吧{1}"
MISSION_TOTAL_MONSTER_NAME_7,"怪物就交給我處理吧{1}"
MISSION_TOTAL_MONSTER_NAME_8,"怪物就交給我處理吧{1}"
MISSION_TOTAL_MONSTER_NAME_9,"怪物就交給我處理吧{1}"
MISSION_TOTAL_MONSTER_NAME_10,"怪物就交給我處理吧{1}"
MISSION_TOTAL_MONSTER_NAME_11,"怪物就交給我處理吧{1}"
MISSION_TOTAL_MONSTER_NAME_12,"怪物就交給我處理吧{1}"
MISSION_TOTAL_MONSTER_NAME_13,"怪物就交給我處理吧{1}"
MISSION_TOTAL_MONSTER_NAME_14,"怪物就交給我處理吧{1}"
MISSION_TOTAL_MONSTER_NAME_15,"怪物就交給我處理吧{1}"
MISSION_TOTAL_MONSTER_NAME_16,"怪物就交給我處理吧{1}"
MISSION_TOTAL_MONSTER_NAME_17,"怪物就交給我處理吧{1}"
MISSION_TOTAL_MONSTER_NAME_18,"怪物就交給我處理吧{1}"
MISSION_TOTAL_MONSTER_NAME_19,"怪物就交給我處理吧{1}"
MISSION_TOTAL_MONSTER_NAME_20,"怪物就交給我處理吧{1}"
MISSION_TOTAL_MONSTER_NAME_21,"怪物就交給我處理吧{1}"
MISSION_TOTAL_MONSTER_NAME_22,"怪物就交給我處理吧{1}"
MISSION_TOTAL_MONSTER_NAME_23,"怪物就交給我處理吧{1}"
MISSION_TOTAL_MONSTER_NAME_24,"怪物就交給我處理吧{1}"
MISSION_TOTAL_MONSTER_NAME_25,"怪物就交給我處理吧{1}"
MISSION_TOTAL_MONSTER_NAME_26,"怪物就交給我處理吧{1}"
MISSION_TOTAL_MONSTER_NAME_27,"怪物就交給我處理吧{1}"
MISSION_TOTAL_MONSTER_DESC_1,"擊殺所有怪物{1}種"
MISSION_TOTAL_MONSTER_DESC_2,"擊殺所有怪物{1}種"
MISSION_TOTAL_MONSTER_DESC_3,"擊殺所有怪物{1}種"
MISSION_TOTAL_MONSTER_DESC_4,"擊殺所有怪物{1}種"
MISSION_TOTAL_MONSTER_DESC_5,"擊殺所有怪物{1}種"
MISSION_TOTAL_MONSTER_DESC_6,"擊殺所有怪物{1}種"
MISSION_TOTAL_MONSTER_DESC_7,"擊殺所有怪物{1}種"
MISSION_TOTAL_MONSTER_DESC_8,"擊殺所有怪物{1}種"
MISSION_TOTAL_MONSTER_DESC_9,"擊殺所有怪物{1}種"
MISSION_TOTAL_MONSTER_DESC_10,"擊殺所有怪物{1}種"
MISSION_TOTAL_MONSTER_DESC_11,"擊殺所有怪物{1}種"
MISSION_TOTAL_MONSTER_DESC_12,"擊殺所有怪物{1}種"
MISSION_TOTAL_MONSTER_DESC_13,"擊殺所有怪物{1}種"
MISSION_TOTAL_MONSTER_DESC_14,"擊殺所有怪物{1}種"
MISSION_TOTAL_MONSTER_DESC_15,"擊殺所有怪物{1}種"
MISSION_TOTAL_MONSTER_DESC_16,"擊殺所有怪物{1}種"
MISSION_TOTAL_MONSTER_DESC_17,"擊殺所有怪物{1}種"
MISSION_TOTAL_MONSTER_DESC_18,"擊殺所有怪物{1}種"
MISSION_TOTAL_MONSTER_DESC_19,"擊殺所有怪物{1}種"
MISSION_TOTAL_MONSTER_DESC_20,"擊殺所有怪物{1}種"
MISSION_TOTAL_MONSTER_DESC_21,"擊殺所有怪物{1}種"
MISSION_TOTAL_MONSTER_DESC_22,"擊殺所有怪物{1}種"
MISSION_TOTAL_MONSTER_DESC_23,"擊殺所有怪物{1}種"
MISSION_TOTAL_MONSTER_DESC_24,"擊殺所有怪物{1}種"
MISSION_TOTAL_MONSTER_DESC_25,"擊殺所有怪物{1}種"
MISSION_TOTAL_MONSTER_DESC_26,"擊殺所有怪物{1}種"
MISSION_TOTAL_MONSTER_DESC_27,"擊殺所有怪物{1}種"
MISSION_TOTAL_BOSS_MONSTER_NAME_1,"BOSS怪物一點都不可怕！{1}"
MISSION_TOTAL_BOSS_MONSTER_NAME_2,"BOSS怪物一點都不可怕！{1}"
MISSION_TOTAL_BOSS_MONSTER_NAME_3,"BOSS怪物一點都不可怕！{1}"
MISSION_TOTAL_BOSS_MONSTER_NAME_4,"BOSS怪物一點都不可怕！{1}"
MISSION_TOTAL_BOSS_MONSTER_NAME_5,"BOSS怪物一點都不可怕！{1}"
MISSION_TOTAL_BOSS_MONSTER_NAME_6,"BOSS怪物一點都不可怕！{1}"
MISSION_TOTAL_BOSS_MONSTER_NAME_7,"BOSS怪物一點都不可怕！{1}"
MISSION_TOTAL_BOSS_MONSTER_NAME_8,"BOSS怪物一點都不可怕！{1}"
MISSION_TOTAL_BOSS_MONSTER_NAME_9,"BOSS怪物一點都不可怕！{1}"
MISSION_TOTAL_BOSS_MONSTER_NAME_10,"BOSS怪物一點都不可怕！{1}"
MISSION_TOTAL_BOSS_MONSTER_NAME_11,"BOSS怪物一點都不可怕！ {2}"
MISSION_TOTAL_BOSS_MONSTER_NAME_12,"BOSS怪物一點都不可怕！ {3}"
MISSION_TOTAL_BOSS_MONSTER_DESC_1,"擊殺BOSS級怪物{1}種"
MISSION_TOTAL_BOSS_MONSTER_DESC_2,"擊殺BOSS級怪物{1}種"
MISSION_TOTAL_BOSS_MONSTER_DESC_3,"擊殺BOSS級怪物{1}種"
MISSION_TOTAL_BOSS_MONSTER_DESC_4,"擊殺BOSS級怪物{1}種"
MISSION_TOTAL_BOSS_MONSTER_DESC_5,"擊殺BOSS級怪物{1}種"
MISSION_TOTAL_BOSS_MONSTER_DESC_6,"擊殺BOSS級怪物{1}種"
MISSION_TOTAL_BOSS_MONSTER_DESC_7,"擊殺BOSS級怪物{1}種"
MISSION_TOTAL_BOSS_MONSTER_DESC_8,"擊殺BOSS級怪物{1}種"
MISSION_TOTAL_BOSS_MONSTER_DESC_9,"擊殺BOSS級怪物{1}種"
MISSION_TOTAL_BOSS_MONSTER_DESC_10,"擊殺BOSS級怪物{1}種"
MISSION_TOTAL_BOSS_MONSTER_DESC_11,"擊殺BOSS級怪物{1}種"
MISSION_TOTAL_BOSS_MONSTER_DESC_12,"擊殺BOSS級怪物{1}種"
MISSION_TOTAL_NORMAL_MONSTER_NAME_1,"這點程度的怪物只是小意思{1}"
MISSION_TOTAL_NORMAL_MONSTER_NAME_2,"這點程度的怪物只是小意思{1}"
MISSION_TOTAL_NORMAL_MONSTER_NAME_3,"這點程度的怪物只是小意思{1}"
MISSION_TOTAL_NORMAL_MONSTER_NAME_4,"這點程度的怪物只是小意思{1}"
MISSION_TOTAL_NORMAL_MONSTER_NAME_5,"這點程度的怪物只是小意思{1}"
MISSION_TOTAL_NORMAL_MONSTER_NAME_6,"這點程度的怪物只是小意思{1}"
MISSION_TOTAL_NORMAL_MONSTER_NAME_7,"這點程度的怪物只是小意思{1}"
MISSION_TOTAL_NORMAL_MONSTER_NAME_8,"這點程度的怪物只是小意思{1}"
MISSION_TOTAL_NORMAL_MONSTER_NAME_9,"這點程度的怪物只是小意思{1}"
MISSION_TOTAL_NORMAL_MONSTER_NAME_10,"這點程度的怪物只是小意思{1}"
MISSION_TOTAL_NORMAL_MONSTER_NAME_11,"這點程度的怪物只是小意思{1}"
MISSION_TOTAL_NORMAL_MONSTER_NAME_12,"這點程度的怪物只是小意思{1}"
MISSION_TOTAL_NORMAL_MONSTER_NAME_13,"這點程度的怪物只是小意思{1}"
MISSION_TOTAL_NORMAL_MONSTER_NAME_14,"這點程度的怪物只是小意思{1}"
MISSION_TOTAL_NORMAL_MONSTER_NAME_15,"這點程度的怪物只是小意思{1}"
MISSION_TOTAL_NORMAL_MONSTER_NAME_16,"這點程度的怪物只是小意思{1}"
MISSION_TOTAL_NORMAL_MONSTER_NAME_17,"這點程度的怪物只是小意思{1}"
MISSION_TOTAL_NORMAL_MONSTER_NAME_18,"這點程度的怪物只是小意思{1}"
MISSION_TOTAL_NORMAL_MONSTER_NAME_19,"這點程度的怪物只是小意思{1}"
MISSION_TOTAL_NORMAL_MONSTER_NAME_20,"這點程度的怪物只是小意思{1}"
MISSION_TOTAL_NORMAL_MONSTER_NAME_21,"這點程度的怪物只是小意思{1}"
MISSION_TOTAL_NORMAL_MONSTER_NAME_22,"這點程度的怪物只是小意思{1}"
MISSION_TOTAL_NORMAL_MONSTER_NAME_23,"這點程度的怪物只是小意思{1}"
MISSION_TOTAL_NORMAL_MONSTER_NAME_24,"這點程度的怪物只是小意思{1}"
MISSION_TOTAL_NORMAL_MONSTER_DESC_1,"擊殺一般怪物{1}種"
MISSION_TOTAL_NORMAL_MONSTER_DESC_2,"擊殺一般怪物{1}種"
MISSION_TOTAL_NORMAL_MONSTER_DESC_3,"擊殺一般怪物{1}種"
MISSION_TOTAL_NORMAL_MONSTER_DESC_4,"擊殺一般怪物{1}種"
MISSION_TOTAL_NORMAL_MONSTER_DESC_5,"擊殺一般怪物{1}種"
MISSION_TOTAL_NORMAL_MONSTER_DESC_6,"擊殺一般怪物{1}種"
MISSION_TOTAL_NORMAL_MONSTER_DESC_7,"擊殺一般怪物{1}種"
MISSION_TOTAL_NORMAL_MONSTER_DESC_8,"擊殺一般怪物{1}種"
MISSION_TOTAL_NORMAL_MONSTER_DESC_9,"擊殺一般怪物{1}種"
MISSION_TOTAL_NORMAL_MONSTER_DESC_10,"擊殺一般怪物{1}種"
MISSION_TOTAL_NORMAL_MONSTER_DESC_11,"擊殺一般怪物{1}種"
MISSION_TOTAL_NORMAL_MONSTER_DESC_12,"擊殺一般怪物{1}種"
MISSION_TOTAL_NORMAL_MONSTER_DESC_13,"擊殺一般怪物{1}種"
MISSION_TOTAL_NORMAL_MONSTER_DESC_14,"擊殺一般怪物{1}種"
MISSION_TOTAL_NORMAL_MONSTER_DESC_15,"擊殺一般怪物{1}種"
MISSION_TOTAL_NORMAL_MONSTER_DESC_16,"擊殺一般怪物{1}種"
MISSION_TOTAL_NORMAL_MONSTER_DESC_17,"擊殺一般怪物{1}種"
MISSION_TOTAL_NORMAL_MONSTER_DESC_18,"擊殺一般怪物{1}種"
MISSION_TOTAL_NORMAL_MONSTER_DESC_19,"擊殺一般怪物{1}種"
MISSION_TOTAL_NORMAL_MONSTER_DESC_20,"擊殺一般怪物{1}種"
MISSION_TOTAL_NORMAL_MONSTER_DESC_21,"擊殺一般怪物{1}種"
MISSION_TOTAL_NORMAL_MONSTER_DESC_22,"擊殺一般怪物{1}種"
MISSION_TOTAL_NORMAL_MONSTER_DESC_23,"擊殺一般怪物{1}種"
MISSION_TOTAL_NORMAL_MONSTER_DESC_24,"擊殺一般怪物{1}種"
MISSION_TOTAL_ITEM_NAME_1,"道具收藏家{1}"
MISSION_TOTAL_ITEM_NAME_2,"道具收藏家{1}"
MISSION_TOTAL_ITEM_NAME_3,"道具收藏家{1}"
MISSION_TOTAL_ITEM_NAME_4,"道具收藏家{1}"
MISSION_TOTAL_ITEM_NAME_5,"道具收藏家{1}"
MISSION_TOTAL_ITEM_NAME_6,"道具收藏家{1}"
MISSION_TOTAL_ITEM_NAME_7,"道具收藏家{1}"
MISSION_TOTAL_ITEM_NAME_8,"道具收藏家{1}"
MISSION_TOTAL_ITEM_NAME_9,"道具收藏家{1}"
MISSION_TOTAL_ITEM_NAME_10,"道具收藏家{1}"
MISSION_TOTAL_ITEM_NAME_11,"道具收藏家{1}"
MISSION_TOTAL_ITEM_NAME_12,"道具收藏家{1}"
MISSION_TOTAL_ITEM_NAME_13,"道具收藏家{1}"
MISSION_TOTAL_ITEM_NAME_14,"道具收藏家{1}"
MISSION_TOTAL_ITEM_NAME_15,"道具收藏家{1}"
MISSION_TOTAL_ITEM_NAME_16,"道具收藏家{1}"
MISSION_TOTAL_ITEM_NAME_17,"道具收藏家{1}"
MISSION_TOTAL_ITEM_NAME_18,"道具收藏家{1}"
MISSION_TOTAL_ITEM_NAME_19,"道具收藏家{1}"
MISSION_TOTAL_ITEM_NAME_20,"道具收藏家{1}"
MISSION_TOTAL_ITEM_NAME_21,"道具收藏家{1}"
MISSION_TOTAL_ITEM_NAME_22,"道具收藏家{1}"
MISSION_TOTAL_ITEM_NAME_23,"道具收藏家{1}"
MISSION_TOTAL_ITEM_NAME_24,"道具收藏家{1}"
MISSION_TOTAL_ITEM_NAME_25,"道具收藏家{1}"
MISSION_TOTAL_ITEM_NAME_26,"道具收藏家{1}"
MISSION_TOTAL_ITEM_NAME_27,"道具收藏家{1}"
MISSION_TOTAL_ITEM_NAME_28,"道具收藏家{1}"
MISSION_TOTAL_ITEM_NAME_29,"道具收藏家{1}"
MISSION_TOTAL_ITEM_NAME_30,"道具收藏家{1}"
MISSION_TOTAL_ITEM_NAME_31,"道具收藏家{1}"
MISSION_TOTAL_ITEM_NAME_32,"道具收藏家{1}"
MISSION_TOTAL_ITEM_NAME_33,"道具收藏家{1}"
MISSION_TOTAL_ITEM_NAME_34,"道具收藏家{1}"
MISSION_TOTAL_ITEM_NAME_35,"道具收藏家{1}"
MISSION_TOTAL_ITEM_DESC_1,"收集所有種類的道具{1}種"
MISSION_TOTAL_ITEM_DESC_2,"收集所有種類的道具{1}種"
MISSION_TOTAL_ITEM_DESC_3,"收集所有種類的道具{1}種"
MISSION_TOTAL_ITEM_DESC_4,"收集所有種類的道具{1}種"
MISSION_TOTAL_ITEM_DESC_5,"收集所有種類的道具{1}種"
MISSION_TOTAL_ITEM_DESC_6,"收集所有種類的道具{1}種"
MISSION_TOTAL_ITEM_DESC_7,"收集所有種類的道具{1}種"
MISSION_TOTAL_ITEM_DESC_8,"收集所有種類的道具{1}種"
MISSION_TOTAL_ITEM_DESC_9,"收集所有種類的道具{1}種"
MISSION_TOTAL_ITEM_DESC_10,"收集所有種類的道具{1}種"
MISSION_TOTAL_ITEM_DESC_11,"收集所有種類的道具{1}種"
MISSION_TOTAL_ITEM_DESC_12,"收集所有種類的道具{1}種"
MISSION_TOTAL_ITEM_DESC_13,"收集所有種類的道具{1}種"
MISSION_TOTAL_ITEM_DESC_14,"收集所有種類的道具{1}種"
MISSION_TOTAL_ITEM_DESC_15,"收集所有種類的道具{1}種"
MISSION_TOTAL_ITEM_DESC_16,"收集所有種類的道具{1}種"
MISSION_TOTAL_ITEM_DESC_17,"收集所有種類的道具{1}種"
MISSION_TOTAL_ITEM_DESC_18,"收集所有種類的道具{1}種"
MISSION_TOTAL_ITEM_DESC_19,"收集所有種類的道具{1}種"
MISSION_TOTAL_ITEM_DESC_20,"收集所有種類的道具{1}種"
MISSION_TOTAL_ITEM_DESC_21,"收集所有種類的道具{1}種"
MISSION_TOTAL_ITEM_DESC_22,"收集所有種類的道具{1}種"
MISSION_TOTAL_ITEM_DESC_23,"收集所有種類的道具{1}種"
MISSION_TOTAL_ITEM_DESC_24,"收集所有種類的道具{1}種"
MISSION_TOTAL_ITEM_DESC_25,"收集所有種類的道具{1}種"
MISSION_TOTAL_ITEM_DESC_26,"收集所有種類的道具{1}種"
MISSION_TOTAL_ITEM_DESC_27,"收集所有種類的道具{1}種"
MISSION_TOTAL_ITEM_DESC_28,"收集所有種類的道具{1}種"
MISSION_TOTAL_ITEM_DESC_29,"收集所有種類的道具{1}種"
MISSION_TOTAL_ITEM_DESC_30,"收集所有種類的道具{1}種"
MISSION_TOTAL_ITEM_DESC_31,"收集所有種類的道具{1}種"
MISSION_TOTAL_ITEM_DESC_32,"收集所有種類的道具{1}種"
MISSION_TOTAL_ITEM_DESC_33,"收集所有種類的道具{1}種"
MISSION_TOTAL_ITEM_DESC_34,"收集所有種類的道具{1}種"
MISSION_TOTAL_ITEM_DESC_35,"收集所有種類的道具{1}種"
MISSION_TOTAL_UNIQUE_WEAPON_NAME_1,"專屬武器收藏家{1}"
MISSION_TOTAL_UNIQUE_WEAPON_NAME_2,"專屬武器收藏家{1}"
MISSION_TOTAL_UNIQUE_WEAPON_NAME_3,"專屬武器收藏家{1}"
MISSION_TOTAL_UNIQUE_WEAPON_NAME_4,"專屬武器收藏家{1}"
MISSION_TOTAL_UNIQUE_WEAPON_NAME_5,"專屬武器收藏家{1}"
MISSION_TOTAL_UNIQUE_WEAPON_NAME_6,"專屬武器收藏家{1}"
MISSION_TOTAL_UNIQUE_WEAPON_NAME_7,"專屬武器收藏家{1}"
MISSION_TOTAL_UNIQUE_WEAPON_NAME_8,"專屬武器收藏家{1}"
MISSION_TOTAL_UNIQUE_WEAPON_NAME_9,"專屬武器收藏家{1}"
MISSION_TOTAL_UNIQUE_WEAPON_NAME_10,"專屬武器收藏家{1}"
MISSION_TOTAL_UNIQUE_WEAPON_NAME_11,"專屬武器收藏家{1}"
MISSION_TOTAL_UNIQUE_WEAPON_NAME_12,"專屬武器收藏家{1}"
MISSION_TOTAL_UNIQUE_WEAPON_NAME_13,"專屬武器收藏家{1}"
MISSION_TOTAL_UNIQUE_WEAPON_NAME_14,"專屬武器收藏家{1}"
MISSION_TOTAL_UNIQUE_WEAPON_NAME_15,"專屬武器收藏家{1}"
MISSION_TOTAL_UNIQUE_WEAPON_NAME_16,"專屬武器收藏家{1}"
MISSION_TOTAL_UNIQUE_WEAPON_NAME_17,"專屬武器收藏家{1}"
MISSION_TOTAL_UNIQUE_WEAPON_NAME_18,"專屬武器收藏家{1}"
MISSION_TOTAL_UNIQUE_WEAPON_NAME_19,"專屬武器收藏家{1}"
MISSION_TOTAL_UNIQUE_WEAPON_NAME_20,"專屬武器收藏家{1}"
MISSION_TOTAL_UNIQUE_WEAPON_NAME_21,"專屬武器收藏家{1}"
MISSION_TOTAL_UNIQUE_WEAPON_NAME_22,"專屬武器收藏家{1}"
MISSION_TOTAL_UNIQUE_WEAPON_NAME_23,"專屬武器收藏家{1}"
MISSION_TOTAL_UNIQUE_WEAPON_NAME_24,"專屬武器收藏家{1}"
MISSION_TOTAL_UNIQUE_WEAPON_NAME_25,"專屬武器收藏家{1}"
MISSION_TOTAL_UNIQUE_WEAPON_NAME_26,"專屬武器收藏家{1}"
MISSION_TOTAL_UNIQUE_WEAPON_NAME_27,"專屬武器收藏家{1}"
MISSION_TOTAL_UNIQUE_WEAPON_NAME_28,"專屬武器收藏家{1}"
MISSION_TOTAL_UNIQUE_WEAPON_NAME_29,"專屬武器收藏家{1}"
MISSION_TOTAL_UNIQUE_WEAPON_NAME_30,"專屬武器收藏家{1}"
MISSION_TOTAL_UNIQUE_WEAPON_NAME_31,"專屬武器收藏家{1}"
MISSION_TOTAL_UNIQUE_WEAPON_NAME_32,"專屬武器收藏家{1}"
MISSION_TOTAL_UNIQUE_WEAPON_NAME_33,"專屬武器收藏家{1}"
MISSION_TOTAL_UNIQUE_WEAPON_NAME_34,"專屬武器收藏家{1}"
MISSION_TOTAL_UNIQUE_WEAPON_NAME_35,"專屬武器收藏家{1}"
MISSION_TOTAL_UNIQUE_WEAPON_NAME_36,"專屬武器收藏家{1}"
MISSION_TOTAL_UNIQUE_WEAPON_NAME_37,"專屬武器收藏家{1}"
MISSION_TOTAL_UNIQUE_WEAPON_NAME_38,"專屬武器收藏家{1}"
MISSION_TOTAL_UNIQUE_WEAPON_NAME_39,"專屬武器收藏家{1}"
MISSION_TOTAL_UNIQUE_WEAPON_NAME_40,"專屬武器收藏家{1}"
MISSION_TOTAL_UNIQUE_WEAPON_NAME_41,"專屬武器收藏家{1}"
MISSION_TOTAL_UNIQUE_WEAPON_NAME_42,"專屬武器收藏家{1}"
MISSION_TOTAL_UNIQUE_WEAPON_NAME_43,"專屬武器收藏家{1}"
MISSION_TOTAL_UNIQUE_WEAPON_DESC_1,"收集專屬武器{1}種"
MISSION_TOTAL_UNIQUE_WEAPON_DESC_2,"收集專屬武器{1}種"
MISSION_TOTAL_UNIQUE_WEAPON_DESC_3,"收集專屬武器{1}種"
MISSION_TOTAL_UNIQUE_WEAPON_DESC_4,"收集專屬武器{1}種"
MISSION_TOTAL_UNIQUE_WEAPON_DESC_5,"收集專屬武器{1}種"
MISSION_TOTAL_UNIQUE_WEAPON_DESC_6,"收集專屬武器{1}種"
MISSION_TOTAL_UNIQUE_WEAPON_DESC_7,"收集專屬武器{1}種"
MISSION_TOTAL_UNIQUE_WEAPON_DESC_8,"收集專屬武器{1}種"
MISSION_TOTAL_UNIQUE_WEAPON_DESC_9,"收集專屬武器{1}種"
MISSION_TOTAL_UNIQUE_WEAPON_DESC_10,"收集專屬武器{1}種"
MISSION_TOTAL_UNIQUE_WEAPON_DESC_11,"收集專屬武器{1}種"
MISSION_TOTAL_UNIQUE_WEAPON_DESC_12,"收集專屬武器{1}種"
MISSION_TOTAL_UNIQUE_WEAPON_DESC_13,"收集專屬武器{1}種"
MISSION_TOTAL_UNIQUE_WEAPON_DESC_14,"收集專屬武器{1}種"
MISSION_TOTAL_UNIQUE_WEAPON_DESC_15,"收集專屬武器{1}種"
MISSION_TOTAL_UNIQUE_WEAPON_DESC_16,"收集專屬武器{1}種"
MISSION_TOTAL_UNIQUE_WEAPON_DESC_17,"收集專屬武器{1}種"
MISSION_TOTAL_UNIQUE_WEAPON_DESC_18,"收集專屬武器{1}種"
MISSION_TOTAL_UNIQUE_WEAPON_DESC_19,"收集專屬武器{1}種"
MISSION_TOTAL_UNIQUE_WEAPON_DESC_20,"收集專屬武器{1}種"
MISSION_TOTAL_UNIQUE_WEAPON_DESC_21,"收集專屬武器{1}種"
MISSION_TOTAL_UNIQUE_WEAPON_DESC_22,"收集專屬武器{1}種"
MISSION_TOTAL_UNIQUE_WEAPON_DESC_23,"收集專屬武器{1}種"
MISSION_TOTAL_UNIQUE_WEAPON_DESC_24,"收集專屬武器{1}種"
MISSION_TOTAL_UNIQUE_WEAPON_DESC_25,"收集專屬武器{1}種"
MISSION_TOTAL_UNIQUE_WEAPON_DESC_26,"收集專屬武器{1}種"
MISSION_TOTAL_UNIQUE_WEAPON_DESC_27,"收集專屬武器{1}種"
MISSION_TOTAL_UNIQUE_WEAPON_DESC_28,"收集專屬武器{1}種"
MISSION_TOTAL_UNIQUE_WEAPON_DESC_29,"收集專屬武器{1}種"
MISSION_TOTAL_UNIQUE_WEAPON_DESC_30,"收集專屬武器{1}種"
MISSION_TOTAL_UNIQUE_WEAPON_DESC_31,"收集專屬武器{1}種"
MISSION_TOTAL_UNIQUE_WEAPON_DESC_32,"收集專屬武器{1}種"
MISSION_TOTAL_UNIQUE_WEAPON_DESC_33,"收集專屬武器{1}種"
MISSION_TOTAL_UNIQUE_WEAPON_DESC_34,"收集專屬武器{1}種"
MISSION_TOTAL_UNIQUE_WEAPON_DESC_35,"收集專屬武器{1}種"
MISSION_TOTAL_UNIQUE_WEAPON_DESC_36,"收集專屬武器{1}種"
MISSION_TOTAL_UNIQUE_WEAPON_DESC_37,"收集專屬武器{1}種"
MISSION_TOTAL_UNIQUE_WEAPON_DESC_38,"收集專屬武器{1}種"
MISSION_TOTAL_UNIQUE_WEAPON_DESC_39,"收集專屬武器{1}種"
MISSION_TOTAL_UNIQUE_WEAPON_DESC_40,"收集專屬武器{1}種"
MISSION_TOTAL_UNIQUE_WEAPON_DESC_41,"收集專屬武器{1}種"
MISSION_TOTAL_UNIQUE_WEAPON_DESC_42,"收集專屬武器{1}種"
MISSION_TOTAL_UNIQUE_WEAPON_DESC_43,"收集專屬武器{1}種"
MISSION_TOTAL_UNIQUE_TREASURE_NAME_1,"珍貴的寶物{1}"
MISSION_TOTAL_UNIQUE_TREASURE_NAME_2,"珍貴的寶物{1}"
MISSION_TOTAL_UNIQUE_TREASURE_NAME_3,"珍貴的寶物{1}"
MISSION_TOTAL_UNIQUE_TREASURE_NAME_4,"珍貴的寶物{1}"
MISSION_TOTAL_UNIQUE_TREASURE_NAME_5,"珍貴的寶物{1}"
MISSION_TOTAL_UNIQUE_TREASURE_NAME_6,"珍貴的寶物{1}"
MISSION_TOTAL_UNIQUE_TREASURE_NAME_7,"珍貴的寶物{1}"
MISSION_TOTAL_UNIQUE_TREASURE_NAME_8,"珍貴的寶物{1}"
MISSION_TOTAL_UNIQUE_TREASURE_NAME_9,"珍貴的寶物{1}"
MISSION_TOTAL_UNIQUE_TREASURE_NAME_10,"珍貴的寶物{1}"
MISSION_TOTAL_UNIQUE_TREASURE_NAME_11,"珍貴的寶物{1}"
MISSION_TOTAL_UNIQUE_TREASURE_NAME_12,"珍貴的寶物{1}"
MISSION_TOTAL_UNIQUE_TREASURE_NAME_13,"珍貴的寶物{1}"
MISSION_TOTAL_UNIQUE_TREASURE_NAME_14,"珍貴的寶物{1}"
MISSION_TOTAL_UNIQUE_TREASURE_NAME_15,"珍貴的寶物{1}"
MISSION_TOTAL_UNIQUE_TREASURE_NAME_16,"珍貴的寶物{1}"
MISSION_TOTAL_UNIQUE_TREASURE_NAME_17,"珍貴的寶物{1}"
MISSION_TOTAL_UNIQUE_TREASURE_NAME_18,"珍貴的寶物{1}"
MISSION_TOTAL_UNIQUE_TREASURE_NAME_19,"珍貴的寶物{1}"
MISSION_TOTAL_UNIQUE_TREASURE_NAME_20,"珍貴的寶物{1}"
MISSION_TOTAL_UNIQUE_TREASURE_NAME_21,"珍貴的寶物{1}"
MISSION_TOTAL_UNIQUE_TREASURE_NAME_22,"珍貴的寶物{1}"
MISSION_TOTAL_UNIQUE_TREASURE_NAME_23,"珍貴的寶物{1}"
MISSION_TOTAL_UNIQUE_TREASURE_NAME_24,"珍貴的寶物{1}"
MISSION_TOTAL_UNIQUE_TREASURE_NAME_25,"珍貴的寶物{1}"
MISSION_TOTAL_UNIQUE_TREASURE_NAME_26,"珍貴的寶物{1}"
MISSION_TOTAL_UNIQUE_TREASURE_NAME_27,"珍貴的寶物{1}"
MISSION_TOTAL_UNIQUE_TREASURE_NAME_28,"珍貴的寶物{1}"
MISSION_TOTAL_UNIQUE_TREASURE_NAME_29,"珍貴的寶物{1}"
MISSION_TOTAL_UNIQUE_TREASURE_NAME_30,"珍貴的寶物{1}"
MISSION_TOTAL_UNIQUE_TREASURE_NAME_31,"珍貴的寶物{1}"
MISSION_TOTAL_UNIQUE_TREASURE_NAME_32,"珍貴的寶物{1}"
MISSION_TOTAL_UNIQUE_TREASURE_NAME_33,"珍貴的寶物{1}"
MISSION_TOTAL_UNIQUE_TREASURE_NAME_34,"珍貴的寶物{1}"
MISSION_TOTAL_UNIQUE_TREASURE_NAME_35,"珍貴的寶物{1}"
MISSION_TOTAL_UNIQUE_TREASURE_NAME_36,"珍貴的寶物{1}"
MISSION_TOTAL_UNIQUE_TREASURE_NAME_37,"珍貴的寶物{1}"
MISSION_TOTAL_UNIQUE_TREASURE_NAME_38,"珍貴的寶物{1}"
MISSION_TOTAL_UNIQUE_TREASURE_NAME_39,"珍貴的寶物{1}"
MISSION_TOTAL_UNIQUE_TREASURE_NAME_40,"珍貴的寶物{1}"
MISSION_TOTAL_UNIQUE_TREASURE_NAME_41,"珍貴的寶物{1}"
MISSION_TOTAL_UNIQUE_TREASURE_NAME_42,"珍貴的寶物{1}"
MISSION_TOTAL_UNIQUE_TREASURE_NAME_43,"珍貴的寶物{1}"
MISSION_TOTAL_UNIQUE_TREASURE_NAME_44,"珍貴的寶物{1}"
MISSION_TOTAL_UNIQUE_TREASURE_NAME_45,"珍貴的寶物{1}"
MISSION_TOTAL_UNIQUE_TREASURE_NAME_46,"珍貴的寶物{1}"
MISSION_TOTAL_UNIQUE_TREASURE_NAME_47,"珍貴的寶物{1}"
MISSION_TOTAL_UNIQUE_TREASURE_NAME_48,"珍貴的寶物{1}"
MISSION_TOTAL_UNIQUE_TREASURE_NAME_49,"珍貴的寶物{1}"
MISSION_TOTAL_UNIQUE_TREASURE_NAME_50,"珍貴的寶物{1}"
MISSION_TOTAL_UNIQUE_TREASURE_NAME_51,"珍貴的寶物{1}"
MISSION_TOTAL_UNIQUE_TREASURE_NAME_52,"珍貴的寶物{1}"
MISSION_TOTAL_UNIQUE_TREASURE_NAME_53,"珍貴的寶物{1}"
MISSION_TOTAL_UNIQUE_TREASURE_NAME_54,"珍貴的寶物{1}"
MISSION_TOTAL_UNIQUE_TREASURE_NAME_55,"珍貴的寶物{1}"
MISSION_TOTAL_UNIQUE_TREASURE_NAME_56,"珍貴的寶物{1}"
MISSION_TOTAL_UNIQUE_TREASURE_NAME_57,"珍貴的寶物{1}"
MISSION_TOTAL_UNIQUE_TREASURE_NAME_58,"珍貴的寶物{1}"
MISSION_TOTAL_UNIQUE_TREASURE_NAME_59,"珍貴的寶物{1}"
MISSION_TOTAL_UNIQUE_TREASURE_NAME_60,"珍貴的寶物{1}"
MISSION_TOTAL_UNIQUE_TREASURE_NAME_61,"珍貴的寶物{1}"
MISSION_TOTAL_UNIQUE_TREASURE_NAME_62,"珍貴的寶物{1}"
MISSION_TOTAL_UNIQUE_TREASURE_NAME_63,"珍貴的寶物{1}"
MISSION_TOTAL_UNIQUE_TREASURE_NAME_64,"珍貴的寶物{1}"
MISSION_TOTAL_UNIQUE_TREASURE_NAME_65,"珍貴的寶物{1}"
MISSION_TOTAL_UNIQUE_TREASURE_NAME_66,"珍貴的寶物{1}"
MISSION_TOTAL_UNIQUE_TREASURE_NAME_67,"珍貴的寶物{1}"
MISSION_TOTAL_UNIQUE_TREASURE_NAME_68,"珍貴的寶物{1}"
MISSION_TOTAL_UNIQUE_TREASURE_NAME_69,"珍貴的寶物{1}"
MISSION_TOTAL_UNIQUE_TREASURE_NAME_70,"珍貴的寶物{1}"
MISSION_TOTAL_UNIQUE_TREASURE_NAME_71,"珍貴的寶物{1}"
MISSION_TOTAL_UNIQUE_TREASURE_NAME_72,"珍貴的寶物{1}"
MISSION_TOTAL_UNIQUE_TREASURE_NAME_73,"珍貴的寶物{1}"
MISSION_TOTAL_UNIQUE_TREASURE_NAME_74,"珍貴的寶物{1}"
MISSION_TOTAL_UNIQUE_TREASURE_NAME_75,"珍貴的寶物{1}"
MISSION_TOTAL_UNIQUE_TREASURE_NAME_76,"珍貴的寶物{1}"
MISSION_TOTAL_UNIQUE_TREASURE_NAME_77,"珍貴的寶物{1}"
MISSION_TOTAL_UNIQUE_TREASURE_NAME_78,"珍貴的寶物{1}"
MISSION_TOTAL_UNIQUE_TREASURE_NAME_79,"珍貴的寶物{1}"
MISSION_TOTAL_UNIQUE_TREASURE_NAME_80,"珍貴的寶物{1}"
MISSION_TOTAL_UNIQUE_TREASURE_NAME_81,"珍貴的寶物{1}"
MISSION_TOTAL_UNIQUE_TREASURE_NAME_82,"珍貴的寶物{1}"
MISSION_TOTAL_UNIQUE_TREASURE_NAME_83,"珍貴的寶物{1}"
MISSION_TOTAL_UNIQUE_TREASURE_NAME_84,"珍貴的寶物{1}"
MISSION_TOTAL_UNIQUE_TREASURE_NAME_85,"珍貴的寶物{1}"
MISSION_TOTAL_UNIQUE_TREASURE_NAME_86,"珍貴的寶物{1}"
MISSION_TOTAL_UNIQUE_TREASURE_NAME_87,"珍貴的寶物{1}"
MISSION_TOTAL_UNIQUE_TREASURE_NAME_88,"珍貴的寶物{1}"
MISSION_TOTAL_UNIQUE_TREASURE_NAME_89,"珍貴的寶物{1}"
MISSION_TOTAL_UNIQUE_TREASURE_NAME_90,"珍貴的寶物{1}"
MISSION_TOTAL_UNIQUE_TREASURE_NAME_91,"珍貴的寶物{1}"
MISSION_TOTAL_UNIQUE_TREASURE_NAME_92,"珍貴的寶物{1}"
MISSION_TOTAL_UNIQUE_TREASURE_NAME_93,"珍貴的寶物{1}"
MISSION_TOTAL_UNIQUE_TREASURE_NAME_94,"珍貴的寶物{1}"
MISSION_TOTAL_UNIQUE_TREASURE_NAME_95,"珍貴的寶物{1}"
MISSION_TOTAL_UNIQUE_TREASURE_NAME_96,"珍貴的寶物{1}"
MISSION_TOTAL_UNIQUE_TREASURE_NAME_97,"珍貴的寶物{1}"
MISSION_TOTAL_UNIQUE_TREASURE_NAME_98,"珍貴的寶物{1}"
MISSION_TOTAL_UNIQUE_TREASURE_DESC_1,"收集專屬寶物{1}種"
MISSION_TOTAL_UNIQUE_TREASURE_DESC_2,"收集專屬寶物{1}種"
MISSION_TOTAL_UNIQUE_TREASURE_DESC_3,"收集專屬寶物{1}種"
MISSION_TOTAL_UNIQUE_TREASURE_DESC_4,"收集專屬寶物{1}種"
MISSION_TOTAL_UNIQUE_TREASURE_DESC_5,"收集專屬寶物{1}種"
MISSION_TOTAL_UNIQUE_TREASURE_DESC_6,"收集專屬寶物{1}種"
MISSION_TOTAL_UNIQUE_TREASURE_DESC_7,"收集專屬寶物{1}種"
MISSION_TOTAL_UNIQUE_TREASURE_DESC_8,"收集專屬寶物{1}種"
MISSION_TOTAL_UNIQUE_TREASURE_DESC_9,"收集專屬寶物{1}種"
MISSION_TOTAL_UNIQUE_TREASURE_DESC_10,"收集專屬寶物{1}種"
MISSION_TOTAL_UNIQUE_TREASURE_DESC_11,"收集專屬寶物{1}種"
MISSION_TOTAL_UNIQUE_TREASURE_DESC_12,"收集專屬寶物{1}種"
MISSION_TOTAL_UNIQUE_TREASURE_DESC_13,"收集專屬寶物{1}種"
MISSION_TOTAL_UNIQUE_TREASURE_DESC_14,"收集專屬寶物{1}種"
MISSION_TOTAL_UNIQUE_TREASURE_DESC_15,"收集專屬寶物{1}種"
MISSION_TOTAL_UNIQUE_TREASURE_DESC_16,"收集專屬寶物{1}種"
MISSION_TOTAL_UNIQUE_TREASURE_DESC_17,"收集專屬寶物{1}種"
MISSION_TOTAL_UNIQUE_TREASURE_DESC_18,"收集專屬寶物{1}種"
MISSION_TOTAL_UNIQUE_TREASURE_DESC_19,"收集專屬寶物{1}種"
MISSION_TOTAL_UNIQUE_TREASURE_DESC_20,"收集專屬寶物{1}種"
MISSION_TOTAL_UNIQUE_TREASURE_DESC_21,"收集專屬寶物{1}種"
MISSION_TOTAL_UNIQUE_TREASURE_DESC_22,"收集專屬寶物{1}種"
MISSION_TOTAL_UNIQUE_TREASURE_DESC_23,"收集專屬寶物{1}種"
MISSION_TOTAL_UNIQUE_TREASURE_DESC_24,"收集專屬寶物{1}種"
MISSION_TOTAL_UNIQUE_TREASURE_DESC_25,"收集專屬寶物{1}種"
MISSION_TOTAL_UNIQUE_TREASURE_DESC_26,"收集專屬寶物{1}種"
MISSION_TOTAL_UNIQUE_TREASURE_DESC_27,"收集專屬寶物{1}種"
MISSION_TOTAL_UNIQUE_TREASURE_DESC_28,"收集專屬寶物{1}種"
MISSION_TOTAL_UNIQUE_TREASURE_DESC_29,"收集專屬寶物{1}種"
MISSION_TOTAL_UNIQUE_TREASURE_DESC_30,"收集專屬寶物{1}種"
MISSION_TOTAL_UNIQUE_TREASURE_DESC_31,"收集專屬寶物{1}種"
MISSION_TOTAL_UNIQUE_TREASURE_DESC_32,"收集專屬寶物{1}種"
MISSION_TOTAL_UNIQUE_TREASURE_DESC_33,"收集專屬寶物{1}種"
MISSION_TOTAL_UNIQUE_TREASURE_DESC_34,"收集專屬寶物{1}種"
MISSION_TOTAL_UNIQUE_TREASURE_DESC_35,"收集專屬寶物{1}種"
MISSION_TOTAL_UNIQUE_TREASURE_DESC_36,"收集專屬寶物{1}種"
MISSION_TOTAL_UNIQUE_TREASURE_DESC_37,"收集專屬寶物{1}種"
MISSION_TOTAL_UNIQUE_TREASURE_DESC_38,"收集專屬寶物{1}種"
MISSION_TOTAL_UNIQUE_TREASURE_DESC_39,"收集專屬寶物{1}種"
MISSION_TOTAL_UNIQUE_TREASURE_DESC_40,"收集專屬寶物{1}種"
MISSION_TOTAL_UNIQUE_TREASURE_DESC_41,"收集專屬寶物{1}種"
MISSION_TOTAL_UNIQUE_TREASURE_DESC_42,"收集專屬寶物{1}種"
MISSION_TOTAL_UNIQUE_TREASURE_DESC_43,"收集專屬寶物{1}種"
MISSION_TOTAL_UNIQUE_TREASURE_DESC_44,"收集專屬寶物{1}種"
MISSION_TOTAL_UNIQUE_TREASURE_DESC_45,"收集專屬寶物{1}種"
MISSION_TOTAL_UNIQUE_TREASURE_DESC_46,"收集專屬寶物{1}種"
MISSION_TOTAL_UNIQUE_TREASURE_DESC_47,"收集專屬寶物{1}種"
MISSION_TOTAL_UNIQUE_TREASURE_DESC_48,"收集專屬寶物{1}種"
MISSION_TOTAL_UNIQUE_TREASURE_DESC_49,"收集專屬寶物{1}種"
MISSION_TOTAL_UNIQUE_TREASURE_DESC_50,"收集專屬寶物{1}種"
MISSION_TOTAL_UNIQUE_TREASURE_DESC_51,"收集專屬寶物{1}種"
MISSION_TOTAL_UNIQUE_TREASURE_DESC_52,"收集專屬寶物{1}種"
MISSION_TOTAL_UNIQUE_TREASURE_DESC_53,"收集專屬寶物{1}種"
MISSION_TOTAL_UNIQUE_TREASURE_DESC_54,"收集專屬寶物{1}種"
MISSION_TOTAL_UNIQUE_TREASURE_DESC_55,"收集專屬寶物{1}種"
MISSION_TOTAL_UNIQUE_TREASURE_DESC_56,"收集專屬寶物{1}種"
MISSION_TOTAL_UNIQUE_TREASURE_DESC_57,"收集專屬寶物{1}種"
MISSION_TOTAL_UNIQUE_TREASURE_DESC_58,"收集專屬寶物{1}種"
MISSION_TOTAL_UNIQUE_TREASURE_DESC_59,"收集專屬寶物{1}種"
MISSION_TOTAL_UNIQUE_TREASURE_DESC_60,"收集專屬寶物{1}種"
MISSION_TOTAL_UNIQUE_TREASURE_DESC_61,"收集專屬寶物{1}種"
MISSION_TOTAL_UNIQUE_TREASURE_DESC_62,"收集專屬寶物{1}種"
MISSION_TOTAL_UNIQUE_TREASURE_DESC_63,"收集專屬寶物{1}種"
MISSION_TOTAL_UNIQUE_TREASURE_DESC_64,"收集專屬寶物{1}種"
MISSION_TOTAL_UNIQUE_TREASURE_DESC_65,"收集專屬寶物{1}種"
MISSION_TOTAL_UNIQUE_TREASURE_DESC_66,"收集專屬寶物{1}種"
MISSION_TOTAL_UNIQUE_TREASURE_DESC_67,"收集專屬寶物{1}種"
MISSION_TOTAL_UNIQUE_TREASURE_DESC_68,"收集專屬寶物{1}種"
MISSION_TOTAL_UNIQUE_TREASURE_DESC_69,"收集專屬寶物{1}種"
MISSION_TOTAL_UNIQUE_TREASURE_DESC_70,"收集專屬寶物{1}種"
MISSION_TOTAL_UNIQUE_TREASURE_DESC_71,"收集專屬寶物{1}種"
MISSION_TOTAL_UNIQUE_TREASURE_DESC_72,"收集專屬寶物{1}種"
MISSION_TOTAL_UNIQUE_TREASURE_DESC_73,"收集專屬寶物{1}種"
MISSION_TOTAL_UNIQUE_TREASURE_DESC_74,"收集專屬寶物{1}種"
MISSION_TOTAL_UNIQUE_TREASURE_DESC_75,"收集專屬寶物{1}種"
MISSION_TOTAL_UNIQUE_TREASURE_DESC_76,"收集專屬寶物{1}種"
MISSION_TOTAL_UNIQUE_TREASURE_DESC_77,"收集專屬寶物{1}種"
MISSION_TOTAL_UNIQUE_TREASURE_DESC_78,"收集專屬寶物{1}種"
MISSION_TOTAL_UNIQUE_TREASURE_DESC_79,"收集專屬寶物{1}種"
MISSION_TOTAL_UNIQUE_TREASURE_DESC_80,"收集專屬寶物{1}種"
MISSION_TOTAL_UNIQUE_TREASURE_DESC_81,"收集專屬寶物{1}種"
MISSION_TOTAL_UNIQUE_TREASURE_DESC_82,"收集專屬寶物{1}種"
MISSION_TOTAL_UNIQUE_TREASURE_DESC_83,"收集專屬寶物{1}種"
MISSION_TOTAL_UNIQUE_TREASURE_DESC_84,"收集專屬寶物{1}種"
MISSION_TOTAL_UNIQUE_TREASURE_DESC_85,"收集專屬寶物{1}種"
MISSION_TOTAL_UNIQUE_TREASURE_DESC_86,"收集專屬寶物{1}種"
MISSION_TOTAL_UNIQUE_TREASURE_DESC_87,"收集專屬寶物{1}種"
MISSION_TOTAL_UNIQUE_TREASURE_DESC_88,"收集專屬寶物{1}種"
MISSION_TOTAL_UNIQUE_TREASURE_DESC_89,"收集專屬寶物{1}種"
MISSION_TOTAL_UNIQUE_TREASURE_DESC_90,"收集專屬寶物{1}種"
MISSION_TOTAL_UNIQUE_TREASURE_DESC_91,"收集專屬寶物{1}種"
MISSION_TOTAL_UNIQUE_TREASURE_DESC_92,"收集專屬寶物{1}種"
MISSION_TOTAL_UNIQUE_TREASURE_DESC_93,"收集專屬寶物{1}種"
MISSION_TOTAL_UNIQUE_TREASURE_DESC_94,"收集專屬寶物{1}種"
MISSION_TOTAL_UNIQUE_TREASURE_DESC_95,"收集專屬寶物{1}種"
MISSION_TOTAL_UNIQUE_TREASURE_DESC_96,"收集專屬寶物{1}種"
MISSION_TOTAL_UNIQUE_TREASURE_DESC_97,"收集專屬寶物{1}種"
MISSION_TOTAL_UNIQUE_TREASURE_DESC_98,"收集專屬寶物{1}種"
MISSION_TOTAL_ARTIFACT_NAME_1,"神器挖掘專家{1}"
MISSION_TOTAL_ARTIFACT_NAME_2,"神器挖掘專家{1}"
MISSION_TOTAL_ARTIFACT_NAME_3,"神器挖掘專家{1}"
MISSION_TOTAL_ARTIFACT_NAME_4,"神器挖掘專家{1}"
MISSION_TOTAL_ARTIFACT_NAME_5,"神器挖掘專家{1}"
MISSION_TOTAL_ARTIFACT_NAME_6,"神器挖掘專家{1}"
MISSION_TOTAL_ARTIFACT_NAME_7,"神器挖掘專家{1}"
MISSION_TOTAL_ARTIFACT_NAME_8,"神器挖掘專家{1}"
MISSION_TOTAL_ARTIFACT_NAME_9,"神器挖掘專家{1}"
MISSION_TOTAL_ARTIFACT_NAME_10,"神器挖掘專家{1}"
MISSION_TOTAL_ARTIFACT_NAME_11,"神器挖掘專家{1}"
MISSION_TOTAL_ARTIFACT_NAME_12,"神器挖掘專家{1}"
MISSION_TOTAL_ARTIFACT_NAME_13,"神器挖掘專家{1}"
MISSION_TOTAL_ARTIFACT_NAME_14,"神器挖掘專家{1}"
MISSION_TOTAL_ARTIFACT_NAME_15,"神器挖掘專家{1}"
MISSION_TOTAL_ARTIFACT_NAME_16,"神器挖掘專家{1}"
MISSION_TOTAL_ARTIFACT_NAME_17,"神器挖掘專家{1}"
MISSION_TOTAL_ARTIFACT_NAME_18,"神器挖掘專家{1}"
MISSION_TOTAL_ARTIFACT_NAME_19,"神器挖掘專家{1}"
MISSION_TOTAL_ARTIFACT_NAME_20,"神器挖掘專家{1}"
MISSION_TOTAL_ARTIFACT_NAME_21,"神器挖掘專家{1}"
MISSION_TOTAL_ARTIFACT_NAME_22,"神器挖掘專家{1}"
MISSION_TOTAL_ARTIFACT_NAME_23,"神器挖掘專家{1}"
MISSION_TOTAL_ARTIFACT_NAME_24,"神器挖掘專家{1}"
MISSION_TOTAL_ARTIFACT_NAME_25,"神器挖掘專家{1}"
MISSION_TOTAL_ARTIFACT_NAME_26,"神器挖掘專家{1}"
MISSION_TOTAL_ARTIFACT_NAME_27,"神器挖掘專家{1}"
MISSION_TOTAL_ARTIFACT_NAME_28,"神器挖掘專家{1}"
MISSION_TOTAL_ARTIFACT_NAME_29,"神器挖掘專家{1}"
MISSION_TOTAL_ARTIFACT_NAME_30,"神器挖掘專家{1}"
MISSION_TOTAL_ARTIFACT_NAME_31,"神器挖掘專家{1}"
MISSION_TOTAL_ARTIFACT_DESC_1,"收集{1}種神器"
MISSION_TOTAL_ARTIFACT_DESC_2,"收集{1}種神器"
MISSION_TOTAL_ARTIFACT_DESC_3,"收集{1}種神器"
MISSION_TOTAL_ARTIFACT_DESC_4,"收集{1}種神器"
MISSION_TOTAL_ARTIFACT_DESC_5,"收集{1}種神器"
MISSION_TOTAL_ARTIFACT_DESC_6,"收集{1}種神器"
MISSION_TOTAL_ARTIFACT_DESC_7,"收集{1}種神器"
MISSION_TOTAL_ARTIFACT_DESC_8,"收集{1}種神器"
MISSION_TOTAL_ARTIFACT_DESC_9,"收集{1}種神器"
MISSION_TOTAL_ARTIFACT_DESC_10,"收集{1}種神器"
MISSION_TOTAL_ARTIFACT_DESC_11,"收集{1}種神器"
MISSION_TOTAL_ARTIFACT_DESC_12,"收集{1}種神器"
MISSION_TOTAL_ARTIFACT_DESC_13,"收集{1}種神器"
MISSION_TOTAL_ARTIFACT_DESC_14,"收集{1}種神器"
MISSION_TOTAL_ARTIFACT_DESC_15,"收集{1}種神器"
MISSION_TOTAL_ARTIFACT_DESC_16,"收集{1}種神器"
MISSION_TOTAL_ARTIFACT_DESC_17,"收集{1}種神器"
MISSION_TOTAL_ARTIFACT_DESC_18,"收集{1}種神器"
MISSION_TOTAL_ARTIFACT_DESC_19,"收集{1}種神器"
MISSION_TOTAL_ARTIFACT_DESC_20,"收集{1}種神器"
MISSION_TOTAL_ARTIFACT_DESC_21,"收集{1}種神器"
MISSION_TOTAL_ARTIFACT_DESC_22,"收集{1}種神器"
MISSION_TOTAL_ARTIFACT_DESC_23,"收集{1}種神器"
MISSION_TOTAL_ARTIFACT_DESC_24,"收集{1}種神器"
MISSION_TOTAL_ARTIFACT_DESC_25,"收集{1}種神器"
MISSION_TOTAL_ARTIFACT_DESC_26,"收集{1}種神器"
MISSION_TOTAL_ARTIFACT_DESC_27,"收集{1}種神器"
MISSION_TOTAL_ARTIFACT_DESC_28,"收集{1}種神器"
MISSION_TOTAL_ARTIFACT_DESC_29,"收集{1}種神器"
MISSION_TOTAL_ARTIFACT_DESC_30,"收集{1}種神器"
MISSION_TOTAL_ARTIFACT_DESC_31,"收集{1}種神器"
MISSION_TOTAL_EQUIPMENT_NAME_1,"取得能派上用場的裝備{1}"
MISSION_TOTAL_EQUIPMENT_NAME_2,"取得能派上用場的裝備{1}"
MISSION_TOTAL_EQUIPMENT_NAME_3,"取得能派上用場的裝備{1}"
MISSION_TOTAL_EQUIPMENT_NAME_4,"取得能派上用場的裝備{1}"
MISSION_TOTAL_EQUIPMENT_NAME_5,"取得能派上用場的裝備{1}"
MISSION_TOTAL_EQUIPMENT_NAME_6,"取得能派上用場的裝備{1}"
MISSION_TOTAL_EQUIPMENT_NAME_7,"取得能派上用場的裝備{1}"
MISSION_TOTAL_EQUIPMENT_NAME_8,"取得能派上用場的裝備{1}"
MISSION_TOTAL_EQUIPMENT_NAME_9,"取得能派上用場的裝備{1}"
MISSION_TOTAL_EQUIPMENT_NAME_10,"取得能派上用場的裝備{1}"
MISSION_TOTAL_EQUIPMENT_NAME_11,"取得能派上用場的裝備{1}"
MISSION_TOTAL_EQUIPMENT_NAME_12,"取得能派上用場的裝備{1}"
MISSION_TOTAL_EQUIPMENT_NAME_13,"取得能派上用場的裝備{1}"
MISSION_TOTAL_EQUIPMENT_NAME_14,"取得能派上用場的裝備{1}"
MISSION_TOTAL_EQUIPMENT_NAME_15,"取得能派上用場的裝備{1}"
MISSION_TOTAL_EQUIPMENT_NAME_16,"取得能派上用場的裝備{1}"
MISSION_TOTAL_EQUIPMENT_NAME_17,"取得能派上用場的裝備{1}"
MISSION_TOTAL_EQUIPMENT_NAME_18,"取得能派上用場的裝備{1}"
MISSION_TOTAL_EQUIPMENT_NAME_19,"取得能派上用場的裝備{1}"
MISSION_TOTAL_EQUIPMENT_NAME_20,"取得能派上用場的裝備{1}"
MISSION_TOTAL_EQUIPMENT_NAME_21,"取得能派上用場的裝備{1}"
MISSION_TOTAL_EQUIPMENT_NAME_22,"取得能派上用場的裝備{1}"
MISSION_TOTAL_EQUIPMENT_NAME_23,"取得能派上用場的裝備{1}"
MISSION_TOTAL_EQUIPMENT_NAME_24,"取得能派上用場的裝備{1}"
MISSION_TOTAL_EQUIPMENT_NAME_25,"取得能派上用場的裝備{1}"
MISSION_TOTAL_EQUIPMENT_NAME_26,"取得能派上用場的裝備{1}"
MISSION_TOTAL_EQUIPMENT_NAME_27,"取得能派上用場的裝備{1}"
MISSION_TOTAL_EQUIPMENT_NAME_28,"取得能派上用場的裝備{1}"
MISSION_TOTAL_EQUIPMENT_NAME_29,"取得能派上用場的裝備{1}"
MISSION_TOTAL_EQUIPMENT_NAME_30,"取得能派上用場的裝備{1}"
MISSION_TOTAL_EQUIPMENT_NAME_31,"取得能派上用場的裝備{1}"
MISSION_TOTAL_EQUIPMENT_NAME_32,"取得能派上用場的裝備{1}"
MISSION_TOTAL_EQUIPMENT_NAME_33,"取得能派上用場的裝備{1}"
MISSION_TOTAL_EQUIPMENT_NAME_34,"取得能派上用場的裝備{1}"
MISSION_TOTAL_EQUIPMENT_NAME_35,"取得能派上用場的裝備{1}"
MISSION_TOTAL_EQUIPMENT_NAME_36,"取得能派上用場的裝備{1}"
MISSION_TOTAL_EQUIPMENT_NAME_37,"取得能派上用場的裝備{1}"
MISSION_TOTAL_EQUIPMENT_NAME_38,"取得能派上用場的裝備{1}"
MISSION_TOTAL_EQUIPMENT_NAME_39,"取得能派上用場的裝備{1}"
MISSION_TOTAL_EQUIPMENT_NAME_40,"取得能派上用場的裝備{1}"
MISSION_TOTAL_EQUIPMENT_NAME_41,"取得能派上用場的裝備{1}"
MISSION_TOTAL_EQUIPMENT_NAME_42,"取得能派上用場的裝備{1}"
MISSION_TOTAL_EQUIPMENT_NAME_43,"取得能派上用場的裝備{1}"
MISSION_TOTAL_EQUIPMENT_NAME_44,"取得能派上用場的裝備{1}"
MISSION_TOTAL_EQUIPMENT_NAME_45,"取得能派上用場的裝備{1}"
MISSION_TOTAL_EQUIPMENT_NAME_46,"取得能派上用場的裝備{1}"
MISSION_TOTAL_EQUIPMENT_DESC_1,"收集一般裝備道具{1}種"
MISSION_TOTAL_EQUIPMENT_DESC_2,"收集一般裝備道具{1}種"
MISSION_TOTAL_EQUIPMENT_DESC_3,"收集一般裝備道具{1}種"
MISSION_TOTAL_EQUIPMENT_DESC_4,"收集一般裝備道具{1}種"
MISSION_TOTAL_EQUIPMENT_DESC_5,"收集一般裝備道具{1}種"
MISSION_TOTAL_EQUIPMENT_DESC_6,"收集一般裝備道具{1}種"
MISSION_TOTAL_EQUIPMENT_DESC_7,"收集一般裝備道具{1}種"
MISSION_TOTAL_EQUIPMENT_DESC_8,"收集一般裝備道具{1}種"
MISSION_TOTAL_EQUIPMENT_DESC_9,"收集一般裝備道具{1}種"
MISSION_TOTAL_EQUIPMENT_DESC_10,"收集一般裝備道具{1}種"
MISSION_TOTAL_EQUIPMENT_DESC_11,"收集一般裝備道具{1}種"
MISSION_TOTAL_EQUIPMENT_DESC_12,"收集一般裝備道具{1}種"
MISSION_TOTAL_EQUIPMENT_DESC_13,"收集一般裝備道具{1}種"
MISSION_TOTAL_EQUIPMENT_DESC_14,"收集一般裝備道具{1}種"
MISSION_TOTAL_EQUIPMENT_DESC_15,"收集一般裝備道具{1}種"
MISSION_TOTAL_EQUIPMENT_DESC_16,"收集一般裝備道具{1}種"
MISSION_TOTAL_EQUIPMENT_DESC_17,"收集一般裝備道具{1}種"
MISSION_TOTAL_EQUIPMENT_DESC_18,"收集一般裝備道具{1}種"
MISSION_TOTAL_EQUIPMENT_DESC_19,"收集一般裝備道具{1}種"
MISSION_TOTAL_EQUIPMENT_DESC_20,"收集一般裝備道具{1}種"
MISSION_TOTAL_EQUIPMENT_DESC_21,"收集一般裝備道具{1}種"
MISSION_TOTAL_EQUIPMENT_DESC_22,"收集一般裝備道具{1}種"
MISSION_TOTAL_EQUIPMENT_DESC_23,"收集一般裝備道具{1}種"
MISSION_TOTAL_EQUIPMENT_DESC_24,"收集一般裝備道具{1}種"
MISSION_TOTAL_EQUIPMENT_DESC_25,"收集一般裝備道具{1}種"
MISSION_TOTAL_EQUIPMENT_DESC_26,"收集一般裝備道具{1}種"
MISSION_TOTAL_EQUIPMENT_DESC_27,"收集一般裝備道具{1}種"
MISSION_TOTAL_EQUIPMENT_DESC_28,"收集一般裝備道具{1}種"
MISSION_TOTAL_EQUIPMENT_DESC_29,"收集一般裝備道具{1}種"
MISSION_TOTAL_EQUIPMENT_DESC_30,"收集一般裝備道具{1}種"
MISSION_TOTAL_EQUIPMENT_DESC_31,"收集一般裝備道具{1}種"
MISSION_TOTAL_EQUIPMENT_DESC_32,"收集一般裝備道具{1}種"
MISSION_TOTAL_EQUIPMENT_DESC_33,"收集一般裝備道具{1}種"
MISSION_TOTAL_EQUIPMENT_DESC_34,"收集一般裝備道具{1}種"
MISSION_TOTAL_EQUIPMENT_DESC_35,"收集一般裝備道具{1}種"
MISSION_TOTAL_EQUIPMENT_DESC_36,"收集一般裝備道具{1}種"
MISSION_TOTAL_EQUIPMENT_DESC_37,"收集一般裝備道具{1}種"
MISSION_TOTAL_EQUIPMENT_DESC_38,"收集一般裝備道具{1}種"
MISSION_TOTAL_EQUIPMENT_DESC_39,"收集一般裝備道具{1}種"
MISSION_TOTAL_EQUIPMENT_DESC_40,"收集一般裝備道具{1}種"
MISSION_TOTAL_EQUIPMENT_DESC_41,"收集一般裝備道具{1}種"
MISSION_TOTAL_EQUIPMENT_DESC_42,"收集一般裝備道具{1}種"
MISSION_TOTAL_EQUIPMENT_DESC_43,"收集一般裝備道具{1}種"
MISSION_TOTAL_EQUIPMENT_DESC_44,"收集一般裝備道具{1}種"
MISSION_TOTAL_EQUIPMENT_DESC_45,"收集一般裝備道具{1}種"
MISSION_TOTAL_EQUIPMENT_DESC_46,"收集一般裝備道具{1}種"
MISSION_TOTAL_NORMAL_ITEM_NAME_1,"或許能派上用場的道具{1}"
MISSION_TOTAL_NORMAL_ITEM_NAME_2,"或許能派上用場的道具{1}"
MISSION_TOTAL_NORMAL_ITEM_NAME_3,"或許能派上用場的道具{1}"
MISSION_TOTAL_NORMAL_ITEM_NAME_4,"或許能派上用場的道具{1}"
MISSION_TOTAL_NORMAL_ITEM_NAME_5,"或許能派上用場的道具{1}"
MISSION_TOTAL_NORMAL_ITEM_NAME_6,"或許能派上用場的道具{1}"
MISSION_TOTAL_NORMAL_ITEM_NAME_7,"或許能派上用場的道具{1}"
MISSION_TOTAL_NORMAL_ITEM_NAME_8,"或許能派上用場的道具{1}"
MISSION_TOTAL_NORMAL_ITEM_NAME_9,"或許能派上用場的道具{1}"
MISSION_TOTAL_NORMAL_ITEM_NAME_10,"或許能派上用場的道具{1}"
MISSION_TOTAL_NORMAL_ITEM_NAME_11,"或許能派上用場的道具{1}"
MISSION_TOTAL_NORMAL_ITEM_NAME_12,"或許能派上用場的道具{1}"
MISSION_TOTAL_NORMAL_ITEM_NAME_13,"或許能派上用場的道具{1}"
MISSION_TOTAL_NORMAL_ITEM_NAME_14,"或許能派上用場的道具{1}"
MISSION_TOTAL_NORMAL_ITEM_NAME_15,"或許能派上用場的道具{1}"
MISSION_TOTAL_NORMAL_ITEM_NAME_16,"或許能派上用場的道具{1}"
MISSION_TOTAL_NORMAL_ITEM_NAME_17,"或許能派上用場的道具{1}"
MISSION_TOTAL_NORMAL_ITEM_NAME_18,"或許能派上用場的道具{1}"
MISSION_TOTAL_NORMAL_ITEM_NAME_19,"或許能派上用場的道具{1}"
MISSION_TOTAL_NORMAL_ITEM_NAME_20,"或許能派上用場的道具{1}"
MISSION_TOTAL_NORMAL_ITEM_NAME_21,"或許能派上用場的道具{1}"
MISSION_TOTAL_NORMAL_ITEM_NAME_22,"或許能派上用場的道具{1}"
MISSION_TOTAL_NORMAL_ITEM_NAME_23,"或許能派上用場的道具{1}"
MISSION_TOTAL_NORMAL_ITEM_NAME_24,"或許能派上用場的道具{1}"
MISSION_TOTAL_NORMAL_ITEM_NAME_25,"或許能派上用場的道具{1}"
MISSION_TOTAL_NORMAL_ITEM_NAME_26,"或許能派上用場的道具{1}"
MISSION_TOTAL_NORMAL_ITEM_NAME_27,"或許能派上用場的道具{1}"
MISSION_TOTAL_NORMAL_ITEM_NAME_28,"或許能派上用場的道具{1}"
MISSION_TOTAL_NORMAL_ITEM_NAME_29,"或許能派上用場的道具{1}"
MISSION_TOTAL_NORMAL_ITEM_NAME_30,"或許能派上用場的道具{1}"
MISSION_TOTAL_NORMAL_ITEM_NAME_31,"或許能派上用場的道具{1}"
MISSION_TOTAL_NORMAL_ITEM_NAME_32,"或許能派上用場的道具{1}"
MISSION_TOTAL_NORMAL_ITEM_NAME_33,"或許能派上用場的道具{1}"
MISSION_TOTAL_NORMAL_ITEM_NAME_34,"或許能派上用場的道具{1}"
MISSION_TOTAL_NORMAL_ITEM_NAME_35,"或許能派上用場的道具{1}"
MISSION_TOTAL_NORMAL_ITEM_DESC_1,"收集一般道具{1}種"
MISSION_TOTAL_NORMAL_ITEM_DESC_2,"收集一般道具{1}種"
MISSION_TOTAL_NORMAL_ITEM_DESC_3,"收集一般道具{1}種"
MISSION_TOTAL_NORMAL_ITEM_DESC_4,"收集一般道具{1}種"
MISSION_TOTAL_NORMAL_ITEM_DESC_5,"收集一般道具{1}種"
MISSION_TOTAL_NORMAL_ITEM_DESC_6,"收集一般道具{1}種"
MISSION_TOTAL_NORMAL_ITEM_DESC_7,"收集一般道具{1}種"
MISSION_TOTAL_NORMAL_ITEM_DESC_8,"收集一般道具{1}種"
MISSION_TOTAL_NORMAL_ITEM_DESC_9,"收集一般道具{1}種"
MISSION_TOTAL_NORMAL_ITEM_DESC_10,"收集一般道具{1}種"
MISSION_TOTAL_NORMAL_ITEM_DESC_11,"收集一般道具{1}種"
MISSION_TOTAL_NORMAL_ITEM_DESC_12,"收集一般道具{1}種"
MISSION_TOTAL_NORMAL_ITEM_DESC_13,"收集一般道具{1}種"
MISSION_TOTAL_NORMAL_ITEM_DESC_14,"收集一般道具{1}種"
MISSION_TOTAL_NORMAL_ITEM_DESC_15,"收集一般道具{1}種"
MISSION_TOTAL_NORMAL_ITEM_DESC_16,"收集一般道具{1}種"
MISSION_TOTAL_NORMAL_ITEM_DESC_17,"收集一般道具{1}種"
MISSION_TOTAL_NORMAL_ITEM_DESC_18,"收集一般道具{1}種"
MISSION_TOTAL_NORMAL_ITEM_DESC_19,"收集一般道具{1}種"
MISSION_TOTAL_NORMAL_ITEM_DESC_20,"收集一般道具{1}種"
MISSION_TOTAL_NORMAL_ITEM_DESC_21,"收集一般道具{1}種"
MISSION_TOTAL_NORMAL_ITEM_DESC_22,"收集一般道具{1}種"
MISSION_TOTAL_NORMAL_ITEM_DESC_23,"收集一般道具{1}種"
MISSION_TOTAL_NORMAL_ITEM_DESC_24,"收集一般道具{1}種"
MISSION_TOTAL_NORMAL_ITEM_DESC_25,"收集一般道具{1}種"
MISSION_TOTAL_NORMAL_ITEM_DESC_26,"收集一般道具{1}種"
MISSION_TOTAL_NORMAL_ITEM_DESC_27,"收集一般道具{1}種"
MISSION_TOTAL_NORMAL_ITEM_DESC_28,"收集一般道具{1}種"
MISSION_TOTAL_NORMAL_ITEM_DESC_29,"收集一般道具{1}種"
MISSION_TOTAL_NORMAL_ITEM_DESC_30,"收集一般道具{1}種"
MISSION_TOTAL_NORMAL_ITEM_DESC_31,"收集一般道具{1}種"
MISSION_TOTAL_NORMAL_ITEM_DESC_32,"收集一般道具{1}種"
MISSION_TOTAL_NORMAL_ITEM_DESC_33,"收集一般道具{1}種"
MISSION_TOTAL_NORMAL_ITEM_DESC_34,"收集一般道具{1}種"
MISSION_TOTAL_NORMAL_ITEM_DESC_35,"收集一般道具{1}種"
MISSION_JOIN_SUPPRESS_NAME_1,"人多力量大！{1}"
MISSION_JOIN_SUPPRESS_NAME_2,"人多力量大！{1}"
MISSION_JOIN_SUPPRESS_NAME_3,"人多力量大！{1}"
MISSION_JOIN_SUPPRESS_NAME_4,"人多力量大！{1}"
MISSION_JOIN_SUPPRESS_NAME_5,"人多力量大！{1}"
MISSION_JOIN_SUPPRESS_NAME_6,"人多力量大！{1}"
MISSION_JOIN_SUPPRESS_NAME_7,"人多力量大！{1}"
MISSION_JOIN_SUPPRESS_NAME_8,"人多力量大！{1}"
MISSION_JOIN_SUPPRESS_NAME_9,"人多力量大！{1}"
MISSION_JOIN_SUPPRESS_NAME_10,"人多力量大！{1}"
MISSION_JOIN_SUPPRESS_NAME_11,"人多力量大！{1}"
MISSION_JOIN_SUPPRESS_NAME_12,"人多力量大！{1}"
MISSION_JOIN_SUPPRESS_NAME_13,"人多力量大！{1}"
MISSION_JOIN_SUPPRESS_NAME_14,"人多力量大！{1}"
MISSION_JOIN_SUPPRESS_NAME_15,"人多力量大！{1}"
MISSION_JOIN_SUPPRESS_NAME_16,"人多力量大！{1}"
MISSION_JOIN_SUPPRESS_NAME_17,"人多力量大！{1}"
MISSION_JOIN_SUPPRESS_NAME_18,"人多力量大！{1}"
MISSION_JOIN_SUPPRESS_NAME_19,"人多力量大！{1}"
MISSION_JOIN_SUPPRESS_NAME_20,"人多力量大！{1}"
MISSION_JOIN_SUPPRESS_NAME_21,"人多力量大！{1}"
MISSION_JOIN_SUPPRESS_NAME_22,"人多力量大！{1}"
MISSION_JOIN_SUPPRESS_NAME_23,"人多力量大！{1}"
MISSION_JOIN_SUPPRESS_NAME_24,"人多力量大！{1}"
MISSION_JOIN_SUPPRESS_NAME_25,"人多力量大！{1}"
MISSION_JOIN_SUPPRESS_NAME_26,"人多力量大！{1}"
MISSION_JOIN_SUPPRESS_NAME_27,"人多力量大！{1}"
MISSION_JOIN_SUPPRESS_NAME_28,"人多力量大！{1}"
MISSION_JOIN_SUPPRESS_NAME_29,"人多力量大！{1}"
MISSION_JOIN_SUPPRESS_NAME_30,"人多力量大！{1}"
MISSION_JOIN_SUPPRESS_NAME_31,"人多力量大！{1}"
MISSION_JOIN_SUPPRESS_NAME_32,"人多力量大！{1}"
MISSION_JOIN_SUPPRESS_NAME_33,"人多力量大！{1}"
MISSION_JOIN_SUPPRESS_NAME_34,"人多力量大！{1}"
MISSION_JOIN_SUPPRESS_NAME_35,"人多力量大！{1}"
MISSION_JOIN_SUPPRESS_DESC_1,"參加挑戰{1}次公會討伐戰"
MISSION_JOIN_SUPPRESS_DESC_2,"參加挑戰{1}次公會討伐戰"
MISSION_JOIN_SUPPRESS_DESC_3,"參加挑戰{1}次公會討伐戰"
MISSION_JOIN_SUPPRESS_DESC_4,"參加挑戰{1}次公會討伐戰"
MISSION_JOIN_SUPPRESS_DESC_5,"參加挑戰{1}次公會討伐戰"
MISSION_JOIN_SUPPRESS_DESC_6,"參加挑戰{1}次公會討伐戰"
MISSION_JOIN_SUPPRESS_DESC_7,"參加挑戰{1}次公會討伐戰"
MISSION_JOIN_SUPPRESS_DESC_8,"參加挑戰{1}次公會討伐戰"
MISSION_JOIN_SUPPRESS_DESC_9,"參加挑戰{1}次公會討伐戰"
MISSION_JOIN_SUPPRESS_DESC_10,"參加挑戰{1}次公會討伐戰"
MISSION_JOIN_SUPPRESS_DESC_11,"參加挑戰{1}次公會討伐戰"
MISSION_JOIN_SUPPRESS_DESC_12,"參加挑戰{1}次公會討伐戰"
MISSION_JOIN_SUPPRESS_DESC_13,"參加挑戰{1}次公會討伐戰"
MISSION_JOIN_SUPPRESS_DESC_14,"參加挑戰{1}次公會討伐戰"
MISSION_JOIN_SUPPRESS_DESC_15,"參加挑戰{1}次公會討伐戰"
MISSION_JOIN_SUPPRESS_DESC_16,"參加挑戰{1}次公會討伐戰"
MISSION_JOIN_SUPPRESS_DESC_17,"參加挑戰{1}次公會討伐戰"
MISSION_JOIN_SUPPRESS_DESC_18,"參加挑戰{1}次公會討伐戰"
MISSION_JOIN_SUPPRESS_DESC_19,"參加挑戰{1}次公會討伐戰"
MISSION_JOIN_SUPPRESS_DESC_20,"參加挑戰{1}次公會討伐戰"
MISSION_JOIN_SUPPRESS_DESC_21,"參加挑戰{1}次公會討伐戰"
MISSION_JOIN_SUPPRESS_DESC_22,"參加挑戰{1}次公會討伐戰"
MISSION_JOIN_SUPPRESS_DESC_23,"參加挑戰{1}次公會討伐戰"
MISSION_JOIN_SUPPRESS_DESC_24,"參加挑戰{1}次公會討伐戰"
MISSION_JOIN_SUPPRESS_DESC_25,"參加挑戰{1}次公會討伐戰"
MISSION_JOIN_SUPPRESS_DESC_26,"參加挑戰{1}次公會討伐戰"
MISSION_JOIN_SUPPRESS_DESC_27,"參加挑戰{1}次公會討伐戰"
MISSION_JOIN_SUPPRESS_DESC_28,"參加挑戰{1}次公會討伐戰"
MISSION_JOIN_SUPPRESS_DESC_29,"參加挑戰{1}次公會討伐戰"
MISSION_JOIN_SUPPRESS_DESC_30,"參加挑戰{1}次公會討伐戰"
MISSION_JOIN_SUPPRESS_DESC_31,"參加挑戰{1}次公會討伐戰"
MISSION_JOIN_SUPPRESS_DESC_32,"參加挑戰{1}次公會討伐戰"
MISSION_JOIN_SUPPRESS_DESC_33,"參加挑戰{1}次公會討伐戰"
MISSION_JOIN_SUPPRESS_DESC_34,"參加挑戰{1}次公會討伐戰"
MISSION_JOIN_SUPPRESS_DESC_35,"參加挑戰{1}次公會討伐戰"
MISSION_WIN_SUPPRESS_NAME_1,"我們是最強的公會！{1}"
MISSION_WIN_SUPPRESS_NAME_2,"我們是最強的公會！{1}"
MISSION_WIN_SUPPRESS_NAME_3,"我們是最強的公會！{1}"
MISSION_WIN_SUPPRESS_NAME_4,"我們是最強的公會！{1}"
MISSION_WIN_SUPPRESS_NAME_5,"我們是最強的公會！{1}"
MISSION_WIN_SUPPRESS_NAME_6,"我們是最強的公會！{1}"
MISSION_WIN_SUPPRESS_NAME_7,"我們是最強的公會！{1}"
MISSION_WIN_SUPPRESS_NAME_8,"我們是最強的公會！{1}"
MISSION_WIN_SUPPRESS_NAME_9,"我們是最強的公會！{1}"
MISSION_WIN_SUPPRESS_NAME_10,"我們是最強的公會！{1}"
MISSION_WIN_SUPPRESS_NAME_11,"我們是最強的公會！{1}"
MISSION_WIN_SUPPRESS_NAME_12,"我們是最強的公會！{1}"
MISSION_WIN_SUPPRESS_NAME_13,"我們是最強的公會！{1}"
MISSION_WIN_SUPPRESS_NAME_14,"我們是最強的公會！{1}"
MISSION_WIN_SUPPRESS_NAME_15,"我們是最強的公會！{1}"
MISSION_WIN_SUPPRESS_NAME_16,"我們是最強的公會！{1}"
MISSION_WIN_SUPPRESS_NAME_17,"我們是最強的公會！{1}"
MISSION_WIN_SUPPRESS_NAME_18,"我們是最強的公會！{1}"
MISSION_WIN_SUPPRESS_NAME_19,"我們是最強的公會！{1}"
MISSION_WIN_SUPPRESS_NAME_20,"我們是最強的公會！{1}"
MISSION_WIN_SUPPRESS_NAME_21,"我們是最強的公會！{1}"
MISSION_WIN_SUPPRESS_NAME_22,"我們是最強的公會！{1}"
MISSION_WIN_SUPPRESS_NAME_23,"我們是最強的公會！{1}"
MISSION_WIN_SUPPRESS_NAME_24,"我們是最強的公會！{1}"
MISSION_WIN_SUPPRESS_NAME_25,"我們是最強的公會！{1}"
MISSION_WIN_SUPPRESS_NAME_26,"我們是最強的公會！{1}"
MISSION_WIN_SUPPRESS_NAME_27,"我們是最強的公會！{1}"
MISSION_WIN_SUPPRESS_NAME_28,"我們是最強的公會！{1}"
MISSION_WIN_SUPPRESS_NAME_29,"我們是最強的公會！{1}"
MISSION_WIN_SUPPRESS_NAME_30,"我們是最強的公會！{1}"
MISSION_WIN_SUPPRESS_NAME_31,"我們是最強的公會！{1}"
MISSION_WIN_SUPPRESS_NAME_32,"我們是最強的公會！{1}"
MISSION_WIN_SUPPRESS_NAME_33,"我們是最強的公會！{1}"
MISSION_WIN_SUPPRESS_NAME_34,"我們是最強的公會！{1}"
MISSION_WIN_SUPPRESS_NAME_35,"我們是最強的公會！{1}"
MISSION_WIN_SUPPRESS_DESC_1,"在公會討伐戰中達成各回合的排行第1名{1}次"
MISSION_WIN_SUPPRESS_DESC_2,"在公會討伐戰中達成各回合的排行第1名{1}次"
MISSION_WIN_SUPPRESS_DESC_3,"在公會討伐戰中達成各回合的排行第1名{1}次"
MISSION_WIN_SUPPRESS_DESC_4,"在公會討伐戰中達成各回合的排行第1名{1}次"
MISSION_WIN_SUPPRESS_DESC_5,"在公會討伐戰中達成各回合的排行第1名{1}次"
MISSION_WIN_SUPPRESS_DESC_6,"在公會討伐戰中達成各回合的排行第1名{1}次"
MISSION_WIN_SUPPRESS_DESC_7,"在公會討伐戰中達成各回合的排行第1名{1}次"
MISSION_WIN_SUPPRESS_DESC_8,"在公會討伐戰中達成各回合的排行第1名{1}次"
MISSION_WIN_SUPPRESS_DESC_9,"在公會討伐戰中達成各回合的排行第1名{1}次"
MISSION_WIN_SUPPRESS_DESC_10,"在公會討伐戰中達成各回合的排行第1名{1}次"
MISSION_WIN_SUPPRESS_DESC_11,"在公會討伐戰中達成各回合的排行第1名{1}次"
MISSION_WIN_SUPPRESS_DESC_12,"在公會討伐戰中達成各回合的排行第1名{1}次"
MISSION_WIN_SUPPRESS_DESC_13,"在公會討伐戰中達成各回合的排行第1名{1}次"
MISSION_WIN_SUPPRESS_DESC_14,"在公會討伐戰中達成各回合的排行第1名{1}次"
MISSION_WIN_SUPPRESS_DESC_15,"在公會討伐戰中達成各回合的排行第1名{1}次"
MISSION_WIN_SUPPRESS_DESC_16,"在公會討伐戰中達成各回合的排行第1名{1}次"
MISSION_WIN_SUPPRESS_DESC_17,"在公會討伐戰中達成各回合的排行第1名{1}次"
MISSION_WIN_SUPPRESS_DESC_18,"在公會討伐戰中達成各回合的排行第1名{1}次"
MISSION_WIN_SUPPRESS_DESC_19,"在公會討伐戰中達成各回合的排行第1名{1}次"
MISSION_WIN_SUPPRESS_DESC_20,"在公會討伐戰中達成各回合的排行第1名{1}次"
MISSION_WIN_SUPPRESS_DESC_21,"在公會討伐戰中達成各回合的排行第1名{1}次"
MISSION_WIN_SUPPRESS_DESC_22,"在公會討伐戰中達成各回合的排行第1名{1}次"
MISSION_WIN_SUPPRESS_DESC_23,"在公會討伐戰中達成各回合的排行第1名{1}次"
MISSION_WIN_SUPPRESS_DESC_24,"在公會討伐戰中達成各回合的排行第1名{1}次"
MISSION_WIN_SUPPRESS_DESC_25,"在公會討伐戰中達成各回合的排行第1名{1}次"
MISSION_WIN_SUPPRESS_DESC_26,"在公會討伐戰中達成各回合的排行第1名{1}次"
MISSION_WIN_SUPPRESS_DESC_27,"在公會討伐戰中達成各回合的排行第1名{1}次"
MISSION_WIN_SUPPRESS_DESC_28,"在公會討伐戰中達成各回合的排行第1名{1}次"
MISSION_WIN_SUPPRESS_DESC_29,"在公會討伐戰中達成各回合的排行第1名{1}次"
MISSION_WIN_SUPPRESS_DESC_30,"在公會討伐戰中達成各回合的排行第1名{1}次"
MISSION_WIN_SUPPRESS_DESC_31,"在公會討伐戰中達成各回合的排行第1名{1}次"
MISSION_WIN_SUPPRESS_DESC_32,"在公會討伐戰中達成各回合的排行第1名{1}次"
MISSION_WIN_SUPPRESS_DESC_33,"在公會討伐戰中達成各回合的排行第1名{1}次"
MISSION_WIN_SUPPRESS_DESC_34,"在公會討伐戰中達成各回合的排行第1名{1}次"
MISSION_WIN_SUPPRESS_DESC_35,"在公會討伐戰中達成各回合的排行第1名{1}次"
MISSION_MATCH_TIERINDEX11_NAME,"勝者之巔：達成青銅階級"
MISSION_MATCH_TIERINDEX11_DESC,"勝者之巔：達成青銅階級"
MISSION_MATCH_TIERINDEX21_NAME,"勝者之巔：達成白銀階級"
MISSION_MATCH_TIERINDEX21_DESC,"勝者之巔：達成白銀階級"
MISSION_MATCH_TIERINDEX31_NAME,"勝者之巔：達成黃金階級"
MISSION_MATCH_TIERINDEX31_DESC,"勝者之巔：達成黃金階級"
MISSION_MATCH_TIERINDEX41_NAME,"勝者之巔：達成白金階級"
MISSION_MATCH_TIERINDEX41_DESC,"勝者之巔：達成白金階級"
MISSION_MATCH_TIERINDEX51_NAME,"勝者之巔：達成鑽石階級"
MISSION_MATCH_TIERINDEX51_DESC,"勝者之巔：達成鑽石階級"
MISSION_MATCH_TIERINDEX60_NAME,"勝者之巔：達成大師階級"
MISSION_MATCH_TIERINDEX60_DESC,"勝者之巔：達成大師階級"
MISSION_MATCH_TIERINDEX70_NAME,"勝者之巔：達成挑戰階級"
MISSION_MATCH_TIERINDEX70_DESC,"勝者之巔：達成挑戰階級"
MISSION_ARENA_MATCH_FIRSTRANK_NAME,"平定勝者之巔競技場！"
MISSION_ARENA_MATCH_FIRSTRANK_DESC,"成為勝者之巔賽季冠軍"
MISSION_MATCH2_TIERINDEX11_NAME,"榮耀之巔：達成伺服器青銅階級"
MISSION_MATCH2_TIERINDEX11_DESC,"榮耀之巔：達成伺服器青銅階級"
MISSION_MATCH2_TIERINDEX21_NAME,"榮耀之巔：達成伺服器白銀階級"
MISSION_MATCH2_TIERINDEX21_DESC,"榮耀之巔：達成伺服器白銀階級"
MISSION_MATCH2_TIERINDEX31_NAME,"榮耀之巔：達成伺服器黃金階級"
MISSION_MATCH2_TIERINDEX31_DESC,"榮耀之巔：達成伺服器黃金階級"
MISSION_MATCH2_TIERINDEX41_NAME,"榮耀之巔：達成伺服器白金階級"
MISSION_MATCH2_TIERINDEX41_DESC,"榮耀之巔：達成伺服器白金階級"
MISSION_MATCH2_TIERINDEX51_NAME,"榮耀之巔：達成伺服器鑽石階級"
MISSION_MATCH2_TIERINDEX51_DESC,"榮耀之巔：達成伺服器鑽石階級"
MISSION_MATCH2_TIERINDEX60_NAME,"榮耀之巔：達成伺服器大師階級"
MISSION_MATCH2_TIERINDEX60_DESC,"榮耀之巔：達成伺服器大師階級"
MISSION_MATCH2_TIERINDEX70_NAME,"榮耀之巔：達成伺服器挑戰階級"
MISSION_MATCH2_TIERINDEX70_DESC,"榮耀之巔：達成伺服器挑戰階級"
MISSION_ARENA_MATCH2_FIRSTRANK_NAME,"在榮耀之巔中征服伺服器！"
MISSION_ARENA_MATCH2_FIRSTRANK_DESC,"榮耀之巔：達成伺服器排行第1名"
MISSION_MATCH_GLOBAL_TIERINDEX11_NAME,"榮耀之巔：達成世界青銅階級"
MISSION_MATCH_GLOBAL_TIERINDEX11_DESC,"榮耀之巔：達成世界青銅階級"
MISSION_MATCH_GLOBAL_TIERINDEX21_NAME,"榮耀之巔：達成世界白銀階級"
MISSION_MATCH_GLOBAL_TIERINDEX21_DESC,"榮耀之巔：達成世界白銀階級"
MISSION_MATCH_GLOBAL_TIERINDEX31_NAME,"榮耀之巔：達成世界黃金階級"
MISSION_MATCH_GLOBAL_TIERINDEX31_DESC,"榮耀之巔：達成世界黃金階級"
MISSION_MATCH_GLOBAL_TIERINDEX41_NAME,"榮耀之巔：達成世界白金階級"
MISSION_MATCH_GLOBAL_TIERINDEX41_DESC,"榮耀之巔：達成世界白金階級"
MISSION_MATCH_GLOBAL_TIERINDEX51_NAME,"榮耀之巔：達成世界鑽石階級"
MISSION_MATCH_GLOBAL_TIERINDEX51_DESC,"榮耀之巔：達成世界鑽石階級"
MISSION_MATCH_GLOBAL_TIERINDEX60_NAME,"榮耀之巔：達成世界大師階級"
MISSION_MATCH_GLOBAL_TIERINDEX60_DESC,"榮耀之巔：達成世界大師階級"
MISSION_MATCH_GLOBAL_TIERINDEX71_NAME,"榮耀之巔：達成世界皇家大師階級"
MISSION_MATCH_GLOBAL_TIERINDEX71_DESC,"榮耀之巔：達成世界皇家大師階級"
MISSION_MATCH_GLOBAL_TIERINDEX70_NAME,"榮耀之巔：達成世界挑戰階級"
MISSION_MATCH_GLOBAL_TIERINDEX70_DESC,"榮耀之巔：達成世界挑戰階級"
MISSION_ARENA_MATCH_GLOBAL_FIRSTRANK_NAME,"在榮耀之巔征服世界！"
MISSION_ARENA_MATCH_GLOBAL_FIRSTRANK_DESC,"榮耀之巔：達成世界排行第1名"
MISSION_CLEARTREASUREHOUSE,"我愛寶物{1}"
MISSION_CLEARTREASUREHOUSE_DESC,"寶物倉庫過關{1}次"
DAILYMISSION_BANPICK_NAME,"為了榮耀！"
WEEKLYMISSION_BANPICK_NAME,"為了更大的榮耀！"
MISSION_BANPICK_DESC,"參加榮耀之巔{1}次"
DAILYMISSION_ROYALMAZE_NAME,"調查王城地下迷宫"
WEEKLYMISSION_ROYALMAZE_NAME,"清理王城地下迷宫"
MISSION_ROYALMAZE_DESC,"通過地下迷宫{1}次"
DAILYMISSION_SUPPRESS_NAME,"討伐怪物"
WEEKLYMISSION_SUPPRESS_NAME,"這是討伐！"
MISSION_SUPPRESS_DESC,"完成討伐戰鬥{1}次"
DAILYMISSION_TOWER21_NAME,"新的挑戰"
WEEKLYMISSION_TOWER21_NAME,"無止盡的挑戰"
MISSION_TOWER21_DESC,"通過挑戰之塔{1}次"
DAILYMISSION_CHALLENGERAID_NAME,"極限的挑戰"
WEEKLYMISSION_CHALLENGERAID_NAME,"凝視挑戰的盡頭"
MISSION_CHALLENGERAID_DESC,"進行挑戰戰役{1}次"
DAILYMISSION_WORLDBOSS_NAME,"巨大的挑戰"
WEEKLYMISSION_WORLDBOSS_NAME,"救世者"
MISSION_WORLDBOSS_DESC,"進行世界BOSS戰鬥{1}次"
DAILYMISSION_DRAGONRAID_NAME,"本日的屠龍者"
WEEKLYMISSION_DRAGONRAID_NAME,"屠龍者"
MISSION_DRAGONRAID_DESC,"完成龍之戰役{1}次"
DAILYMISSION_INNMINIGAME_NAME,"本日運勢！"
WEEKLYMISSION_INNMINIGAME_NAME,"要轉轉看輪盤嗎？"
MISSION_INNMINIGAME_DESC,"進行旅館迷你遊戲{1}次"
WEEKLYMISSION_TOWER11_NAME,"試煉的挑戰"
MISSION_TOWER11_DESC,"完成試煉之塔{1}次"
OPEN_CHAPTER_TEXT,"開放第{1}章節"
OPEN_HIDEOUT_TEXT,"開放第{1}章節高級副本"
QUEST_GROUP_TITLE_1,"戰鬥"
QUEST_GROUP_TITLE_2,"英雄"
QUEST_GROUP_TITLE_3,"道具"
QUEST_GROUP_TITLE_4,"支線故事"
QUEST_GROUP_TITLE_5,"其他"
LIMITED_MISSION_61,"通過挑戰戰役"
LIMITED_MISSION_62,"通過試煉之塔{1}"
LIMITED_MISSION_63,"通過挑戰之塔{1}"
LIMITED_MISSION_64,"通過地下迷宮{1}"
LIMITED_MISSION_65,"使用鍛造所商店"
LIMITED_MISSION_66,"使用榮耀之巔商店"
LIMITED_MISSION_61_DESC,"通過單人／組隊挑戰戰役"
LIMITED_MISSION_62_DESC,"通過試煉之塔第{1}層"
LIMITED_MISSION_63_DESC,"通過挑戰之塔第{1}層"
LIMITED_MISSION_64_DESC_1,"領取通過地下迷宮3次獎勵"
LIMITED_MISSION_64_DESC_2,"領取通過地下迷宮7次獎勵"
LIMITED_MISSION_64_DESC_3,"領取通過地下迷宮10次獎勵"
LIMITED_MISSION_64_DESC_4,"領取通過地下迷宮14次獎勵"
LIMITED_MISSION_64_DESC_5,"領取通過地下迷宮17次獎勵"
LIMITED_MISSION_64_DESC_6,"領取通過地下迷宮21次獎勵"
LIMITED_MISSION_64_DESC_7,"領取通過地下迷宮24次獎勵"
LIMITED_MISSION_64_DESC_8,"領取通過地下迷宮28次獎勵"
LIMITED_MISSION_65_DESC,"在鍛造所商店購買「龍的好感度寶箱」"
LIMITED_MISSION_66_DESC,"在榮耀之巔商店購買「專屬寶物碎片」"
SUB_MISSION_10001,"裝備覺醒{1}"
SUB_MISSION_10002,"道具分解{1}"
SUB_MISSION_10003,"在梅伊的綜合商店購買道具{1}"
SUB_MISSION_10004,"在一般戰鬥中勝利{1}"
SUB_MISSION_10005,"通過魔王軍戰役{1}"
SUB_MISSION_10006,"製作無限晶元{1}"
SUB_MISSION_10007,"製作無限之石{1}"
SUB_MISSION_10008,"製作任一道具{1}"
SUB_MISSION_10009,"通過高級副本{1}"
SUB_MISSION_10010,"嘗試道具附魔{1}"
SUB_MISSION_10011,"競技場入場{1}"
SUB_MISSION_10012,"進入上古皇室金庫{1}"
SUB_MISSION_10013,"進入地下監牢{1}"
SUB_MISSION_10014,"進入火焰之龍戰役{1}"
SUB_MISSION_10015,"進入冰霜之龍戰役{1}"
SUB_MISSION_10016,"進入劇毒之龍戰役{1}"
SUB_MISSION_10017,"進入黑暗之龍戰役{1}"
SUB_MISSION_10018,"進入任意的龍之戰役{1}"
SUB_MISSION_10019,"強化裝備{1}"
SUB_MISSION_10020,"裝備空的經驗燒瓶{1}"
SUB_MISSION_10021,"道具召喚{1}"
SUB_MISSION_10022,"好友申請{1}"
SUB_MISSION_10023,"進行英雄升級{1}"
SUB_MISSION_10024,"進行英雄覺醒{1}"
SUB_MISSION_10025,"進行英雄突破{1}"
SUB_MISSION_10026,"穿戴裝備{1}"
SUB_MISSION_10027,"重置梅伊的綜合商店清單{1}"
SUB_MISSION_10028,"交換友情點數{1}"
SUB_MISSION_10029,"學習技能特性{1}"
SUB_MISSION_10030,"強化屬性{1}"
SUB_MISSION_10031,"使用經驗值加成卷軸{1}"
SUB_MISSION_10032,"使用金幣加成卷軸{1}"
SUB_MISSION_10033,"使用道具來回復體力{1}"
SUB_MISSION_10034,"樂皮支線故事{1}"
SUB_MISSION_10035,"迪麥支線故事{1}"
SUB_MISSION_10036,"希歐支線故事{1}"
SUB_MISSION_10037,"薇絲卡支線故事{1}"
SUB_MISSION_10038,"普莉西拉支線故事{1}"
SUB_MISSION_10039,"克洛支線故事{1}"
SUB_MISSION_10040,"通過第1章節{1}"
SUB_MISSION_10041,"通過第2章節{1}"
SUB_MISSION_10042,"通過第3章節{1}"
SUB_MISSION_10043,"通過第4章節{1}"
SUB_MISSION_10044,"通過第5章節{1}"
SUB_MISSION_10045,"通過第6章節{1}"
SUB_MISSION_10046,"通過第7章節{1}"
SUB_MISSION_10047,"通過第8章節{1}"
SUB_MISSION_10048,"通過第9章節{1}"
SUB_MISSION_10049,"擊敗第{1}章BOSS"
SUB_MISSION_DESC_100001,"通過第一個支線故事"
SUB_MISSION_DESC_100002,"通過第二個支線故事"
SUB_MISSION_DESC_100003,"通過第三個支線故事"
SUB_MISSION_DESC_100004,"通過第四個支線故事"
SUB_MISSION_DESC_100005,"通過第五個支線故事"
SUB_MISSION_DESC_100006,"通過第六個支線故事"
SUB_MISSION_DESC_100007,"通過第七個支線故事"
SUB_MISSION_DESC_100008,"通過第八個支線故事"
SUB_MISSION_DESC_100009,"通過第九個支線故事"
SUB_MISSION_DESC_100010,"通過第十個支線故事"
SUB_MISSION_DESC_100011,"通過第十一個支線故事"
SUB_MISSION_DESC_100012,"通過第十二個支線故事"
SUB_MISSION_DESC_100013,"通過第十三個支線故事"
SUB_MISSION_DESC_100014,"通過第十四個支線故事"
SUB_MISSION_DESC_100015,"通過第十五個支線故事"
SUB_MISSION_DESC_100016,"通過{1}-{2}"
SUB_MISSION_DESC_100017,"通過魔王軍戰役1次"
MAIN_MISSION_1030,"來自賢者之塔的魔法師與她的護衛"
MAIN_MISSION_1040,"史萊姆真可愛"
MAIN_MISSION_2550,"借露亞之力"
MAIN_MISSION_1070,"火球術與隱匿披風"
MAIN_MISSION_1080,"對她而言凱瑟還是個孩子"
MAIN_MISSION_1090,"有人覬覦凱瑟的性命"
MAIN_MISSION_1100,"刺客覬覦的東西"
MAIN_MISSION_1110,"惡有惡報"
MAIN_MISSION_1120,"野心勃勃的哥布林"
MAIN_MISSION_1130,"興奮的白哥布林"
MAIN_MISSION_1140,"獲得魔王力量的哥布林"
MAIN_MISSION_1200,"必須起身的理由及劍的回答"
MAIN_MISSION_1210,"聖劍埃亞"
MAIN_MISSION_1230,"夥伴"
MAIN_MISSION_1250,"寶德喀"
MAIN_MISSION_1305,"艾莉朵拉森林之旅"
MAIN_MISSION_1320,"物理攻擊對幽靈無效"
MAIN_MISSION_1340,"感到不安的芙萊兒"
MAIN_MISSION_1350,"樹人的字典裡沒有道歉"
MAIN_MISSION_1370,"為淨化而戰"
MAIN_MISSION_1390,"公主與勇者"
MAIN_MISSION_1400,"覬覦聖劍的鷹身人族"
MAIN_MISSION_1420,"連鷹身人族也被黑暗污染"
MAIN_MISSION_1440,"為了安全做出的決定"
MAIN_MISSION_1450,"因憤怒及愧疚感而生的黑暗"
MAIN_MISSION_1480,"聖劍繼承人"
MAIN_MISSION_1495,"歐格利亞高山地的危機"
MAIN_MISSION_1500,"對人類的仇恨"
MAIN_MISSION_1510,"她的魔像"
MAIN_MISSION_1520,"站在我這一邊"
MAIN_MISSION_1530,"歐格利亞的哥布林"
MAIN_MISSION_1540,"受到打擊的克麗歐"
MAIN_MISSION_1550,"露亞的禮物"
MAIN_MISSION_1570,"人類不會把獸人當作奴隸"
MAIN_MISSION_1580,"艾爾托拉的符咒"
MAIN_MISSION_1590,"卡爾洛的徒弟－岱恩"
MAIN_MISSION_1600,"為了師父而做的決定"
MAIN_MISSION_1620,"難以說服"
MAIN_MISSION_1630,"哥布林解放前線"
MAIN_MISSION_1650,"迴盪在歐格利亞的邪惡笑聲"
MAIN_MISSION_1675,"克盧雅平原的死亡"
MAIN_MISSION_1690,"黑暗世界"
MAIN_MISSION_1710,"克盧雅的魔像"
MAIN_MISSION_1720,"暗黑病"
MAIN_MISSION_1740,"你已經不是當年的小孩了"
MAIN_MISSION_1760,"過去曾被視為傳說的"
MAIN_MISSION_1770,"黑暗中的聲音，我就是你"
MAIN_MISSION_1790,"羅伊最重視的就是克麗歐的安全"
MAIN_MISSION_1800,"惡魔與刺客"
MAIN_MISSION_1810,"是誰玷污了我的女兒"
MAIN_MISSION_1830,"敵人的存在"
MAIN_MISSION_1845,"阿羅維納海岸的戰亂"
MAIN_MISSION_1860,"烏龜與闇靈獅子"
MAIN_MISSION_1880,"破壞氣氛的無可救藥的人"
MAIN_MISSION_1890,"阿羅維納的逃亡者"
MAIN_MISSION_1910,"被置之不理的暗黑病"
MAIN_MISSION_1920,"飽受失智症折磨的可憐老人"
MAIN_MISSION_1930,"黑暗精靈竟然敗在豺狼手上"
MAIN_MISSION_1950,"女王的護衛"
MAIN_MISSION_1970,"迪麥的憎惡"
MAIN_MISSION_1990,"需要溝通"
MAIN_MISSION_2010,"激發黑暗面的多餘的話"
MAIN_MISSION_2020,"未知的名字"
MAIN_MISSION_2030,"用那種謊言利用豺狼"
MAIN_MISSION_2050,"生存"
MAIN_MISSION_2060,"各位大人是我們的英雄"
MAIN_MISSION_2070,"開心的莫拉"
MAIN_MISSION_2090,"名為罪惡感的媒介"
MAIN_MISSION_2105,"埃伊納沙漠的沙塵暴"
MAIN_MISSION_2120,"蟹腳真好吃"
MAIN_MISSION_2140,"光之傭兵"
MAIN_MISSION_2160,"只要我們安全"
MAIN_MISSION_2170,"尋寶少年"
MAIN_MISSION_2180,"米露露大海盜團"
MAIN_MISSION_2190,"對米露露的警戒"
MAIN_MISSION_2200,"聽姐姐的話就對了"
MAIN_MISSION_2220,"不像蜥蜴人的作為"
MAIN_MISSION_2230,"交出我的小可愛"
MAIN_MISSION_2250,"做沙浴做到一半被妨礙的矮人族"
MAIN_MISSION_2260,"矮人之王"
MAIN_MISSION_2280,"被蒙蔽的人們短暫清醒的瞬間"
MAIN_MISSION_2290,"被黑暗籠罩的人也有機會"
MAIN_MISSION_2300,"我想就這樣閉上雙眼"
MAIN_MISSION_2315,"風地雪山的酷寒"
MAIN_MISSION_2330,"凱瑟的讓步"
MAIN_MISSION_2340,"在他們看來，這可是逃亡"
MAIN_MISSION_2360,"克麗歐有苦難言"
MAIN_MISSION_2370,"長不大的孩子"
MAIN_MISSION_2380,"冰霜巨人的襲擊"
MAIN_MISSION_2390,"羅迪娜所在地"
MAIN_MISSION_2400,"抵擋不住的黑暗力量"
MAIN_MISSION_2430,"為了阻擋更大的悲劇所做的選擇"
MAIN_MISSION_2440,"救了帕菲的羅迪娜"
MAIN_MISSION_2460,"能輕易抵擋就不算威脅"
MAIN_MISSION_2470,"知道冰龍的孩子"
MAIN_MISSION_2480,"人類的錯誤與責任"
MAIN_MISSION_2500,"露亞為何將聖劍"
MAIN_MISSION_2555,"德拉吉亞火山的激戰"
MAIN_MISSION_2570,"熔岩之河"
MAIN_MISSION_2580,"惡龍部隊"
MAIN_MISSION_2600,"魔族戰爭與勇者們"
MAIN_MISSION_2610,"擊掌"
MAIN_MISSION_2630,"精神支配"
MAIN_MISSION_2650,"人類果然很有趣"
MAIN_MISSION_2660,"決戰，狂龍泰莫雷勒"
MAIN_MISSION_2670,"另一個作戰"
MAIN_MISSION_2680,"誘因"
MAIN_MISSION_2700,"憤怒"
MAIN_MISSION_2710,"莫拉的試煉"
MAIN_MISSION_2720,"陷阱"
MAIN_MISSION_2730,"不祥的追擊"
MAIN_MISSION_2740,"意外的幫忙"
MAIN_MISSION_2760,"新的同伴？"
MAIN_MISSION_2770,"感情好的雜種與吃貨"
MAIN_MISSION_2780,"火山的入口"
MAIN_MISSION_2790,"火山的最終決戰"
MAIN_MISSION_2795,"卡爾庫斯沼澤地帶的探險"
MAIN_MISSION_2830,"露亞的走狗們"
MAIN_MISSION_2840,"甦醒的意志"
MAIN_MISSION_2850,"面對真相的勇氣"
MAIN_MISSION_2860,"即使犧牲性命"
MAIN_MISSION_2870,"凱爾的記憶"
MAIN_MISSION_2880,"意想不到的幫助"
MAIN_MISSION_2890,"逐漸擴大的希望"
MAIN_MISSION_2900,"最棒的援軍"
MAIN_MISSION_2920,"奧勒貝利亞的群雄"
MAIN_MISSION_2940,"被揭開的真相"
MAIN_MISSION_2950,"聖劍詐騙傳聞"
MAIN_MISSION_2960,"失控的魔氣"
MAIN_MISSION_2970,"與史嘉蕾的練習"
MAIN_MISSION_2980,"潛入遺跡"
MAIN_MISSION_2990,"獵犬們"
MAIN_MISSION_3000,"狗聽令於主人"
MAIN_MISSION_3010,"過去的回聲"
MAIN_MISSION_3020,"傳送塔"
MAIN_MISSION_3030,"魔導王國的遺產"
MAIN_MISSION_3040,"承諾"
MAIN_MISSION_3050,"尋找美男子"
MAIN_MISSION_3060,"最後的壁壘"
MAIN_MISSION_3065,"魔導遺跡的傳送塔"
MAIN_MISSION_3070,"進入魔導遺跡的傳送塔"
MAIN_MISSION_3080,"最後一戰"
MAIN_MISSION_3090,"從地下襲來的危機"
MAIN_MISSION_3100,"魔王的真面目"
MAIN_MISSION_3110,"最後的防線"
MAIN_MISSION_3120,"邁向世界樹"
MAIN_MISSION_3130,"克勞斯的眼淚"
MAIN_MISSION_3140,"瑪莉亞的計畫"
MAIN_MISSION_DESC_001,"通過{1}-{2}"
MAIN_MISSION_DESC_002,"進入第2章節"
MAIN_MISSION_DESC_003,"進入第3章節"
MAIN_MISSION_DESC_004,"進入第4章節"
MAIN_MISSION_DESC_005,"進入第5章節"
MAIN_MISSION_DESC_006,"進入第6章節"
MAIN_MISSION_DESC_007,"進入第7章節"
MAIN_MISSION_DESC_008,"進入第8章節"
MAIN_MISSION_DESC_009,"進入第9章節"
MAIN_MISSION_DESC_011,"通過首都奧勒貝爾-1"
MAIN_MISSION_DESC_012,"通過首都奧勒貝爾-2"
MAIN_MISSION_DESC_013,"通過首都奧勒貝爾-3"
MAIN_MISSION_DESC_014,"通過首都奧勒貝爾-4"
MAIN_MISSION_DESC_015,"進入奧斐斯大陸"
MAIN_MISSION_DESC_016,"通過世界樹-1"
MAIN_MISSION_DESC_017,"通過世界樹-2"
MAIN_MISSION_DESC_101,"訪問世界樹"
MAIN_MISSION_DESC_102,"完成寒冰水晶洞窟"
MAIN_MISSION_DESC_103,"在9-23下一個節點移動章節"
MAIN_MISSION_DESC_104,"進入寒冰水晶洞窟"
MAIN_MISSION_DESC_105,"通過寒冰水晶洞窟-1"
MAIN_MISSION_DESC_106,"通過寒冰水晶洞窟-2"
